8
0 1


1 5
10
5
4 10
10 20 30 40
12 13 15 19
4 7
80 60 40 20 
2 4 6 8
5 15
4 2 1 10 2
12 2 1 4 1
10 165
92 57 49 68 60 43 67 84 87 72
23 31 29 44 53 38 63 85 89 82
15 750
135 139 149 150 156 163 173 184 192 201 210 214 221 229 240
70 73 77 80 82 87 90 94 98 106 110 113 115 118 120
24 6404180
825594 1677009 1676628 1523970 943972 97426 69666 1296457 1679693 1902996 1844992 1049289 1252836 1319836 953277 2067538 675367 853655 1826027 65731 901489 577243 466257 369261
382745 799601 909247 729069 467902 44328 34610 698150 823460 903959 853665 551830 610856 670702 488960 951111 323046 446298 931161 31385 496951 264724 224916 169684