Enter the initial state of the puzzle: ( 4 x 4 ): 1 2 3 4 5 6 7 8 9 10 11 12 13 0 14 15

Enter which algorithm to use (1.BFS, 2.DFS): 2

Solving using DFS...
Total Visited Nodes: 1892
Path to solution: Solution found

-----------------------------
|   1  |   2  |   3  |   4  |
-----------------------------
|   5  |   6  |   7  |   8  |
-----------------------------
|   9  |  10  |  11  |  12  |
-----------------------------
|  13  |   0  |  14  |  15  |
-----------------------------

-----------------------------
|   1  |   2  |   3  |   4  |
-----------------------------
|   5  |   6  |   7  |   8  |
-----------------------------
|   9  |   0  |  11  |  12  |
-----------------------------
|  13  |  10  |  14  |  15  |
-----------------------------

-----------------------------
|   1  |   2  |   3  |   4  |
-----------------------------
|   5  |   0  |   7  |   8  |
-----------------------------
|   9  |   6  |  11  |  12  |
-----------------------------
|  13  |  10  |  14  |  15  |
-----------------------------

-----------------------------
|   1  |   0  |   3  |   4  |
-----------------------------
|   5  |   2  |   7  |   8  |
-----------------------------
|   9  |   6  |  11  |  12  |
-----------------------------
|  13  |  10  |  14  |  15  |
-----------------------------

-----------------------------
|   0  |   1  |   3  |   4  |
-----------------------------
|   5  |   2  |   7  |   8  |
-----------------------------
|   9  |   6  |  11  |  12  |
-----------------------------
|  13  |  10  |  14  |  15  |
-----------------------------

-----------------------------
|   5  |   1  |   3  |   4  |
-----------------------------
|   0  |   2  |   7  |   8  |
-----------------------------
|   9  |   6  |  11  |  12  |
-----------------------------
|  13  |  10  |  14  |  15  |
-----------------------------

-----------------------------
|   5  |   1  |   3  |   4  |
-----------------------------
|   9  |   2  |   7  |   8  |
-----------------------------
|   0  |   6  |  11  |  12  |
-----------------------------
|  13  |  10  |  14  |  15  |
-----------------------------

-----------------------------
|   5  |   1  |   3  |   4  |
-----------------------------
|   9  |   2  |   7  |   8  |
-----------------------------
|  13  |   6  |  11  |  12  |
-----------------------------
|   0  |  10  |  14  |  15  |
-----------------------------

-----------------------------
|   5  |   1  |   3  |   4  |
-----------------------------
|   9  |   2  |   7  |   8  |
-----------------------------
|  13  |   6  |  11  |  12  |
-----------------------------
|  10  |   0  |  14  |  15  |
-----------------------------

-----------------------------
|   5  |   1  |   3  |   4  |
-----------------------------
|   9  |   2  |   7  |   8  |
-----------------------------
|  13  |   0  |  11  |  12  |
-----------------------------
|  10  |   6  |  14  |  15  |
-----------------------------

-----------------------------
|   5  |   1  |   3  |   4  |
-----------------------------
|   9  |   0  |   7  |   8  |
-----------------------------
|  13  |   2  |  11  |  12  |
-----------------------------
|  10  |   6  |  14  |  15  |
-----------------------------

-----------------------------
|   5  |   0  |   3  |   4  |
-----------------------------
|   9  |   1  |   7  |   8  |
-----------------------------
|  13  |   2  |  11  |  12  |
-----------------------------
|  10  |   6  |  14  |  15  |
-----------------------------

-----------------------------
|   0  |   5  |   3  |   4  |
-----------------------------
|   9  |   1  |   7  |   8  |
-----------------------------
|  13  |   2  |  11  |  12  |
-----------------------------
|  10  |   6  |  14  |  15  |
-----------------------------

-----------------------------
|   9  |   5  |   3  |   4  |
-----------------------------
|   0  |   1  |   7  |   8  |
-----------------------------
|  13  |   2  |  11  |  12  |
-----------------------------
|  10  |   6  |  14  |  15  |
-----------------------------

-----------------------------
|   9  |   5  |   3  |   4  |
-----------------------------
|  13  |   1  |   7  |   8  |
-----------------------------
|   0  |   2  |  11  |  12  |
-----------------------------
|  10  |   6  |  14  |  15  |
-----------------------------

-----------------------------
|   9  |   5  |   3  |   4  |
-----------------------------
|  13  |   1  |   7  |   8  |
-----------------------------
|  10  |   2  |  11  |  12  |
-----------------------------
|   0  |   6  |  14  |  15  |
-----------------------------

-----------------------------
|   9  |   5  |   3  |   4  |
-----------------------------
|  13  |   1  |   7  |   8  |
-----------------------------
|  10  |   2  |  11  |  12  |
-----------------------------
|   6  |   0  |  14  |  15  |
-----------------------------

-----------------------------
|   9  |   5  |   3  |   4  |
-----------------------------
|  13  |   1  |   7  |   8  |
-----------------------------
|  10  |   0  |  11  |  12  |
-----------------------------
|   6  |   2  |  14  |  15  |
-----------------------------

-----------------------------
|   9  |   5  |   3  |   4  |
-----------------------------
|  13  |   0  |   7  |   8  |
-----------------------------
|  10  |   1  |  11  |  12  |
-----------------------------
|   6  |   2  |  14  |  15  |
-----------------------------

-----------------------------
|   9  |   0  |   3  |   4  |
-----------------------------
|  13  |   5  |   7  |   8  |
-----------------------------
|  10  |   1  |  11  |  12  |
-----------------------------
|   6  |   2  |  14  |  15  |
-----------------------------

-----------------------------
|   0  |   9  |   3  |   4  |
-----------------------------
|  13  |   5  |   7  |   8  |
-----------------------------
|  10  |   1  |  11  |  12  |
-----------------------------
|   6  |   2  |  14  |  15  |
-----------------------------

-----------------------------
|  13  |   9  |   3  |   4  |
-----------------------------
|   0  |   5  |   7  |   8  |
-----------------------------
|  10  |   1  |  11  |  12  |
-----------------------------
|   6  |   2  |  14  |  15  |
-----------------------------

-----------------------------
|  13  |   9  |   3  |   4  |
-----------------------------
|  10  |   5  |   7  |   8  |
-----------------------------
|   0  |   1  |  11  |  12  |
-----------------------------
|   6  |   2  |  14  |  15  |
-----------------------------

-----------------------------
|  13  |   9  |   3  |   4  |
-----------------------------
|  10  |   5  |   7  |   8  |
-----------------------------
|   6  |   1  |  11  |  12  |
-----------------------------
|   0  |   2  |  14  |  15  |
-----------------------------

-----------------------------
|  13  |   9  |   3  |   4  |
-----------------------------
|  10  |   5  |   7  |   8  |
-----------------------------
|   6  |   1  |  11  |  12  |
-----------------------------
|   2  |   0  |  14  |  15  |
-----------------------------

-----------------------------
|  13  |   9  |   3  |   4  |
-----------------------------
|  10  |   5  |   7  |   8  |
-----------------------------
|   6  |   0  |  11  |  12  |
-----------------------------
|   2  |   1  |  14  |  15  |
-----------------------------

-----------------------------
|  13  |   9  |   3  |   4  |
-----------------------------
|  10  |   0  |   7  |   8  |
-----------------------------
|   6  |   5  |  11  |  12  |
-----------------------------
|   2  |   1  |  14  |  15  |
-----------------------------

-----------------------------
|  13  |   0  |   3  |   4  |
-----------------------------
|  10  |   9  |   7  |   8  |
-----------------------------
|   6  |   5  |  11  |  12  |
-----------------------------
|   2  |   1  |  14  |  15  |
-----------------------------

-----------------------------
|   0  |  13  |   3  |   4  |
-----------------------------
|  10  |   9  |   7  |   8  |
-----------------------------
|   6  |   5  |  11  |  12  |
-----------------------------
|   2  |   1  |  14  |  15  |
-----------------------------

-----------------------------
|  10  |  13  |   3  |   4  |
-----------------------------
|   0  |   9  |   7  |   8  |
-----------------------------
|   6  |   5  |  11  |  12  |
-----------------------------
|   2  |   1  |  14  |  15  |
-----------------------------

-----------------------------
|  10  |  13  |   3  |   4  |
-----------------------------
|   6  |   9  |   7  |   8  |
-----------------------------
|   0  |   5  |  11  |  12  |
-----------------------------
|   2  |   1  |  14  |  15  |
-----------------------------

-----------------------------
|  10  |  13  |   3  |   4  |
-----------------------------
|   6  |   9  |   7  |   8  |
-----------------------------
|   2  |   5  |  11  |  12  |
-----------------------------
|   0  |   1  |  14  |  15  |
-----------------------------

-----------------------------
|  10  |  13  |   3  |   4  |
-----------------------------
|   6  |   9  |   7  |   8  |
-----------------------------
|   2  |   5  |  11  |  12  |
-----------------------------
|   1  |   0  |  14  |  15  |
-----------------------------

-----------------------------
|  10  |  13  |   3  |   4  |
-----------------------------
|   6  |   9  |   7  |   8  |
-----------------------------
|   2  |   0  |  11  |  12  |
-----------------------------
|   1  |   5  |  14  |  15  |
-----------------------------

-----------------------------
|  10  |  13  |   3  |   4  |
-----------------------------
|   6  |   0  |   7  |   8  |
-----------------------------
|   2  |   9  |  11  |  12  |
-----------------------------
|   1  |   5  |  14  |  15  |
-----------------------------

-----------------------------
|  10  |   0  |   3  |   4  |
-----------------------------
|   6  |  13  |   7  |   8  |
-----------------------------
|   2  |   9  |  11  |  12  |
-----------------------------
|   1  |   5  |  14  |  15  |
-----------------------------

-----------------------------
|   0  |  10  |   3  |   4  |
-----------------------------
|   6  |  13  |   7  |   8  |
-----------------------------
|   2  |   9  |  11  |  12  |
-----------------------------
|   1  |   5  |  14  |  15  |
-----------------------------

-----------------------------
|   6  |  10  |   3  |   4  |
-----------------------------
|   0  |  13  |   7  |   8  |
-----------------------------
|   2  |   9  |  11  |  12  |
-----------------------------
|   1  |   5  |  14  |  15  |
-----------------------------

-----------------------------
|   6  |  10  |   3  |   4  |
-----------------------------
|   2  |  13  |   7  |   8  |
-----------------------------
|   0  |   9  |  11  |  12  |
-----------------------------
|   1  |   5  |  14  |  15  |
-----------------------------

-----------------------------
|   6  |  10  |   3  |   4  |
-----------------------------
|   2  |  13  |   7  |   8  |
-----------------------------
|   1  |   9  |  11  |  12  |
-----------------------------
|   0  |   5  |  14  |  15  |
-----------------------------

-----------------------------
|   6  |  10  |   3  |   4  |
-----------------------------
|   2  |  13  |   7  |   8  |
-----------------------------
|   1  |   9  |  11  |  12  |
-----------------------------
|   5  |   0  |  14  |  15  |
-----------------------------

-----------------------------
|   6  |  10  |   3  |   4  |
-----------------------------
|   2  |  13  |   7  |   8  |
-----------------------------
|   1  |   0  |  11  |  12  |
-----------------------------
|   5  |   9  |  14  |  15  |
-----------------------------

-----------------------------
|   6  |  10  |   3  |   4  |
-----------------------------
|   2  |   0  |   7  |   8  |
-----------------------------
|   1  |  13  |  11  |  12  |
-----------------------------
|   5  |   9  |  14  |  15  |
-----------------------------

-----------------------------
|   6  |   0  |   3  |   4  |
-----------------------------
|   2  |  10  |   7  |   8  |
-----------------------------
|   1  |  13  |  11  |  12  |
-----------------------------
|   5  |   9  |  14  |  15  |
-----------------------------

-----------------------------
|   0  |   6  |   3  |   4  |
-----------------------------
|   2  |  10  |   7  |   8  |
-----------------------------
|   1  |  13  |  11  |  12  |
-----------------------------
|   5  |   9  |  14  |  15  |
-----------------------------

-----------------------------
|   2  |   6  |   3  |   4  |
-----------------------------
|   0  |  10  |   7  |   8  |
-----------------------------
|   1  |  13  |  11  |  12  |
-----------------------------
|   5  |   9  |  14  |  15  |
-----------------------------

-----------------------------
|   2  |   6  |   3  |   4  |
-----------------------------
|   1  |  10  |   7  |   8  |
-----------------------------
|   0  |  13  |  11  |  12  |
-----------------------------
|   5  |   9  |  14  |  15  |
-----------------------------

-----------------------------
|   2  |   6  |   3  |   4  |
-----------------------------
|   1  |  10  |   7  |   8  |
-----------------------------
|   5  |  13  |  11  |  12  |
-----------------------------
|   0  |   9  |  14  |  15  |
-----------------------------

-----------------------------
|   2  |   6  |   3  |   4  |
-----------------------------
|   1  |  10  |   7  |   8  |
-----------------------------
|   5  |  13  |  11  |  12  |
-----------------------------
|   9  |   0  |  14  |  15  |
-----------------------------

-----------------------------
|   2  |   6  |   3  |   4  |
-----------------------------
|   1  |  10  |   7  |   8  |
-----------------------------
|   5  |   0  |  11  |  12  |
-----------------------------
|   9  |  13  |  14  |  15  |
-----------------------------

-----------------------------
|   2  |   6  |   3  |   4  |
-----------------------------
|   1  |   0  |   7  |   8  |
-----------------------------
|   5  |  10  |  11  |  12  |
-----------------------------
|   9  |  13  |  14  |  15  |
-----------------------------

-----------------------------
|   2  |   0  |   3  |   4  |
-----------------------------
|   1  |   6  |   7  |   8  |
-----------------------------
|   5  |  10  |  11  |  12  |
-----------------------------
|   9  |  13  |  14  |  15  |
-----------------------------

-----------------------------
|   0  |   2  |   3  |   4  |
-----------------------------
|   1  |   6  |   7  |   8  |
-----------------------------
|   5  |  10  |  11  |  12  |
-----------------------------
|   9  |  13  |  14  |  15  |
-----------------------------

-----------------------------
|   1  |   2  |   3  |   4  |
-----------------------------
|   0  |   6  |   7  |   8  |
-----------------------------
|   5  |  10  |  11  |  12  |
-----------------------------
|   9  |  13  |  14  |  15  |
-----------------------------

-----------------------------
|   1  |   2  |   3  |   4  |
-----------------------------
|   5  |   6  |   7  |   8  |
-----------------------------
|   0  |  10  |  11  |  12  |
-----------------------------
|   9  |  13  |  14  |  15  |
-----------------------------

-----------------------------
|   1  |   2  |   3  |   4  |
-----------------------------
|   5  |   6  |   7  |   8  |
-----------------------------
|  10  |   0  |  11  |  12  |
-----------------------------
|   9  |  13  |  14  |  15  |
-----------------------------

-----------------------------
|   1  |   2  |   3  |   4  |
-----------------------------
|   5  |   6  |   7  |   8  |
-----------------------------
|  10  |  13  |  11  |  12  |
-----------------------------
|   9  |   0  |  14  |  15  |
-----------------------------

-----------------------------
|   1  |   2  |   3  |   4  |
-----------------------------
|   5  |   6  |   7  |   8  |
-----------------------------
|  10  |  13  |  11  |  12  |
-----------------------------
|   0  |   9  |  14  |  15  |
-----------------------------

-----------------------------
|   1  |   2  |   3  |   4  |
-----------------------------
|   5  |   6  |   7  |   8  |
-----------------------------
|   0  |  13  |  11  |  12  |
-----------------------------
|  10  |   9  |  14  |  15  |
-----------------------------

-----------------------------
|   1  |   2  |   3  |   4  |
-----------------------------
|   0  |   6  |   7  |   8  |
-----------------------------
|   5  |  13  |  11  |  12  |
-----------------------------
|  10  |   9  |  14  |  15  |
-----------------------------

-----------------------------
|   0  |   2  |   3  |   4  |
-----------------------------
|   1  |   6  |   7  |   8  |
-----------------------------
|   5  |  13  |  11  |  12  |
-----------------------------
|  10  |   9  |  14  |  15  |
-----------------------------

-----------------------------
|   2  |   0  |   3  |   4  |
-----------------------------
|   1  |   6  |   7  |   8  |
-----------------------------
|   5  |  13  |  11  |  12  |
-----------------------------
|  10  |   9  |  14  |  15  |
-----------------------------

-----------------------------
|   2  |   6  |   3  |   4  |
-----------------------------
|   1  |   0  |   7  |   8  |
-----------------------------
|   5  |  13  |  11  |  12  |
-----------------------------
|  10  |   9  |  14  |  15  |
-----------------------------

-----------------------------
|   2  |   6  |   3  |   4  |
-----------------------------
|   1  |  13  |   7  |   8  |
-----------------------------
|   5  |   0  |  11  |  12  |
-----------------------------
|  10  |   9  |  14  |  15  |
-----------------------------

-----------------------------
|   2  |   6  |   3  |   4  |
-----------------------------
|   1  |  13  |   7  |   8  |
-----------------------------
|   5  |   9  |  11  |  12  |
-----------------------------
|  10  |   0  |  14  |  15  |
-----------------------------

-----------------------------
|   2  |   6  |   3  |   4  |
-----------------------------
|   1  |  13  |   7  |   8  |
-----------------------------
|   5  |   9  |  11  |  12  |
-----------------------------
|   0  |  10  |  14  |  15  |
-----------------------------

-----------------------------
|   2  |   6  |   3  |   4  |
-----------------------------
|   1  |  13  |   7  |   8  |
-----------------------------
|   0  |   9  |  11  |  12  |
-----------------------------
|   5  |  10  |  14  |  15  |
-----------------------------

-----------------------------
|   2  |   6  |   3  |   4  |
-----------------------------
|   0  |  13  |   7  |   8  |
-----------------------------
|   1  |   9  |  11  |  12  |
-----------------------------
|   5  |  10  |  14  |  15  |
-----------------------------

-----------------------------
|   0  |   6  |   3  |   4  |
-----------------------------
|   2  |  13  |   7  |   8  |
-----------------------------
|   1  |   9  |  11  |  12  |
-----------------------------
|   5  |  10  |  14  |  15  |
-----------------------------

-----------------------------
|   6  |   0  |   3  |   4  |
-----------------------------
|   2  |  13  |   7  |   8  |
-----------------------------
|   1  |   9  |  11  |  12  |
-----------------------------
|   5  |  10  |  14  |  15  |
-----------------------------

-----------------------------
|   6  |  13  |   3  |   4  |
-----------------------------
|   2  |   0  |   7  |   8  |
-----------------------------
|   1  |   9  |  11  |  12  |
-----------------------------
|   5  |  10  |  14  |  15  |
-----------------------------

-----------------------------
|   6  |  13  |   3  |   4  |
-----------------------------
|   2  |   9  |   7  |   8  |
-----------------------------
|   1  |   0  |  11  |  12  |
-----------------------------
|   5  |  10  |  14  |  15  |
-----------------------------

-----------------------------
|   6  |  13  |   3  |   4  |
-----------------------------
|   2  |   9  |   7  |   8  |
-----------------------------
|   1  |  10  |  11  |  12  |
-----------------------------
|   5  |   0  |  14  |  15  |
-----------------------------

-----------------------------
|   6  |  13  |   3  |   4  |
-----------------------------
|   2  |   9  |   7  |   8  |
-----------------------------
|   1  |  10  |  11  |  12  |
-----------------------------
|   0  |   5  |  14  |  15  |
-----------------------------

-----------------------------
|   6  |  13  |   3  |   4  |
-----------------------------
|   2  |   9  |   7  |   8  |
-----------------------------
|   0  |  10  |  11  |  12  |
-----------------------------
|   1  |   5  |  14  |  15  |
-----------------------------

-----------------------------
|   6  |  13  |   3  |   4  |
-----------------------------
|   0  |   9  |   7  |   8  |
-----------------------------
|   2  |  10  |  11  |  12  |
-----------------------------
|   1  |   5  |  14  |  15  |
-----------------------------

-----------------------------
|   0  |  13  |   3  |   4  |
-----------------------------
|   6  |   9  |   7  |   8  |
-----------------------------
|   2  |  10  |  11  |  12  |
-----------------------------
|   1  |   5  |  14  |  15  |
-----------------------------

-----------------------------
|  13  |   0  |   3  |   4  |
-----------------------------
|   6  |   9  |   7  |   8  |
-----------------------------
|   2  |  10  |  11  |  12  |
-----------------------------
|   1  |   5  |  14  |  15  |
-----------------------------

-----------------------------
|  13  |   9  |   3  |   4  |
-----------------------------
|   6  |   0  |   7  |   8  |
-----------------------------
|   2  |  10  |  11  |  12  |
-----------------------------
|   1  |   5  |  14  |  15  |
-----------------------------

-----------------------------
|  13  |   9  |   3  |   4  |
-----------------------------
|   6  |  10  |   7  |   8  |
-----------------------------
|   2  |   0  |  11  |  12  |
-----------------------------
|   1  |   5  |  14  |  15  |
-----------------------------

-----------------------------
|  13  |   9  |   3  |   4  |
-----------------------------
|   6  |  10  |   7  |   8  |
-----------------------------
|   2  |   5  |  11  |  12  |
-----------------------------
|   1  |   0  |  14  |  15  |
-----------------------------

-----------------------------
|  13  |   9  |   3  |   4  |
-----------------------------
|   6  |  10  |   7  |   8  |
-----------------------------
|   2  |   5  |  11  |  12  |
-----------------------------
|   0  |   1  |  14  |  15  |
-----------------------------

-----------------------------
|  13  |   9  |   3  |   4  |
-----------------------------
|   6  |  10  |   7  |   8  |
-----------------------------
|   0  |   5  |  11  |  12  |
-----------------------------
|   2  |   1  |  14  |  15  |
-----------------------------

-----------------------------
|  13  |   9  |   3  |   4  |
-----------------------------
|   0  |  10  |   7  |   8  |
-----------------------------
|   6  |   5  |  11  |  12  |
-----------------------------
|   2  |   1  |  14  |  15  |
-----------------------------

-----------------------------
|   0  |   9  |   3  |   4  |
-----------------------------
|  13  |  10  |   7  |   8  |
-----------------------------
|   6  |   5  |  11  |  12  |
-----------------------------
|   2  |   1  |  14  |  15  |
-----------------------------

-----------------------------
|   9  |   0  |   3  |   4  |
-----------------------------
|  13  |  10  |   7  |   8  |
-----------------------------
|   6  |   5  |  11  |  12  |
-----------------------------
|   2  |   1  |  14  |  15  |
-----------------------------

-----------------------------
|   9  |  10  |   3  |   4  |
-----------------------------
|  13  |   0  |   7  |   8  |
-----------------------------
|   6  |   5  |  11  |  12  |
-----------------------------
|   2  |   1  |  14  |  15  |
-----------------------------

-----------------------------
|   9  |  10  |   3  |   4  |
-----------------------------
|  13  |   5  |   7  |   8  |
-----------------------------
|   6  |   0  |  11  |  12  |
-----------------------------
|   2  |   1  |  14  |  15  |
-----------------------------

-----------------------------
|   9  |  10  |   3  |   4  |
-----------------------------
|  13  |   5  |   7  |   8  |
-----------------------------
|   6  |   1  |  11  |  12  |
-----------------------------
|   2  |   0  |  14  |  15  |
-----------------------------

-----------------------------
|   9  |  10  |   3  |   4  |
-----------------------------
|  13  |   5  |   7  |   8  |
-----------------------------
|   6  |   1  |  11  |  12  |
-----------------------------
|   0  |   2  |  14  |  15  |
-----------------------------

-----------------------------
|   9  |  10  |   3  |   4  |
-----------------------------
|  13  |   5  |   7  |   8  |
-----------------------------
|   0  |   1  |  11  |  12  |
-----------------------------
|   6  |   2  |  14  |  15  |
-----------------------------

-----------------------------
|   9  |  10  |   3  |   4  |
-----------------------------
|   0  |   5  |   7  |   8  |
-----------------------------
|  13  |   1  |  11  |  12  |
-----------------------------
|   6  |   2  |  14  |  15  |
-----------------------------

-----------------------------
|   0  |  10  |   3  |   4  |
-----------------------------
|   9  |   5  |   7  |   8  |
-----------------------------
|  13  |   1  |  11  |  12  |
-----------------------------
|   6  |   2  |  14  |  15  |
-----------------------------

-----------------------------
|  10  |   0  |   3  |   4  |
-----------------------------
|   9  |   5  |   7  |   8  |
-----------------------------
|  13  |   1  |  11  |  12  |
-----------------------------
|   6  |   2  |  14  |  15  |
-----------------------------

-----------------------------
|  10  |   5  |   3  |   4  |
-----------------------------
|   9  |   0  |   7  |   8  |
-----------------------------
|  13  |   1  |  11  |  12  |
-----------------------------
|   6  |   2  |  14  |  15  |
-----------------------------

-----------------------------
|  10  |   5  |   3  |   4  |
-----------------------------
|   9  |   1  |   7  |   8  |
-----------------------------
|  13  |   0  |  11  |  12  |
-----------------------------
|   6  |   2  |  14  |  15  |
-----------------------------

-----------------------------
|  10  |   5  |   3  |   4  |
-----------------------------
|   9  |   1  |   7  |   8  |
-----------------------------
|  13  |   2  |  11  |  12  |
-----------------------------
|   6  |   0  |  14  |  15  |
-----------------------------

-----------------------------
|  10  |   5  |   3  |   4  |
-----------------------------
|   9  |   1  |   7  |   8  |
-----------------------------
|  13  |   2  |  11  |  12  |
-----------------------------
|   0  |   6  |  14  |  15  |
-----------------------------

-----------------------------
|  10  |   5  |   3  |   4  |
-----------------------------
|   9  |   1  |   7  |   8  |
-----------------------------
|   0  |   2  |  11  |  12  |
-----------------------------
|  13  |   6  |  14  |  15  |
-----------------------------

-----------------------------
|  10  |   5  |   3  |   4  |
-----------------------------
|   0  |   1  |   7  |   8  |
-----------------------------
|   9  |   2  |  11  |  12  |
-----------------------------
|  13  |   6  |  14  |  15  |
-----------------------------

-----------------------------
|   0  |   5  |   3  |   4  |
-----------------------------
|  10  |   1  |   7  |   8  |
-----------------------------
|   9  |   2  |  11  |  12  |
-----------------------------
|  13  |   6  |  14  |  15  |
-----------------------------

-----------------------------
|   5  |   0  |   3  |   4  |
-----------------------------
|  10  |   1  |   7  |   8  |
-----------------------------
|   9  |   2  |  11  |  12  |
-----------------------------
|  13  |   6  |  14  |  15  |
-----------------------------

-----------------------------
|   5  |   1  |   3  |   4  |
-----------------------------
|  10  |   0  |   7  |   8  |
-----------------------------
|   9  |   2  |  11  |  12  |
-----------------------------
|  13  |   6  |  14  |  15  |
-----------------------------

-----------------------------
|   5  |   1  |   3  |   4  |
-----------------------------
|  10  |   2  |   7  |   8  |
-----------------------------
|   9  |   0  |  11  |  12  |
-----------------------------
|  13  |   6  |  14  |  15  |
-----------------------------

-----------------------------
|   5  |   1  |   3  |   4  |
-----------------------------
|  10  |   2  |   7  |   8  |
-----------------------------
|   9  |   6  |  11  |  12  |
-----------------------------
|  13  |   0  |  14  |  15  |
-----------------------------

-----------------------------
|   5  |   1  |   3  |   4  |
-----------------------------
|  10  |   2  |   7  |   8  |
-----------------------------
|   9  |   6  |  11  |  12  |
-----------------------------
|   0  |  13  |  14  |  15  |
-----------------------------

-----------------------------
|   5  |   1  |   3  |   4  |
-----------------------------
|  10  |   2  |   7  |   8  |
-----------------------------
|   0  |   6  |  11  |  12  |
-----------------------------
|   9  |  13  |  14  |  15  |
-----------------------------

-----------------------------
|   5  |   1  |   3  |   4  |
-----------------------------
|   0  |   2  |   7  |   8  |
-----------------------------
|  10  |   6  |  11  |  12  |
-----------------------------
|   9  |  13  |  14  |  15  |
-----------------------------

-----------------------------
|   0  |   1  |   3  |   4  |
-----------------------------
|   5  |   2  |   7  |   8  |
-----------------------------
|  10  |   6  |  11  |  12  |
-----------------------------
|   9  |  13  |  14  |  15  |
-----------------------------

-----------------------------
|   1  |   0  |   3  |   4  |
-----------------------------
|   5  |   2  |   7  |   8  |
-----------------------------
|  10  |   6  |  11  |  12  |
-----------------------------
|   9  |  13  |  14  |  15  |
-----------------------------

-----------------------------
|   1  |   2  |   3  |   4  |
-----------------------------
|   5  |   0  |   7  |   8  |
-----------------------------
|  10  |   6  |  11  |  12  |
-----------------------------
|   9  |  13  |  14  |  15  |
-----------------------------

-----------------------------
|   1  |   2  |   3  |   4  |
-----------------------------
|   0  |   5  |   7  |   8  |
-----------------------------
|  10  |   6  |  11  |  12  |
-----------------------------
|   9  |  13  |  14  |  15  |
-----------------------------

-----------------------------
|   1  |   2  |   3  |   4  |
-----------------------------
|  10  |   5  |   7  |   8  |
-----------------------------
|   0  |   6  |  11  |  12  |
-----------------------------
|   9  |  13  |  14  |  15  |
-----------------------------

-----------------------------
|   1  |   2  |   3  |   4  |
-----------------------------
|  10  |   5  |   7  |   8  |
-----------------------------
|   9  |   6  |  11  |  12  |
-----------------------------
|   0  |  13  |  14  |  15  |
-----------------------------

-----------------------------
|   1  |   2  |   3  |   4  |
-----------------------------
|  10  |   5  |   7  |   8  |
-----------------------------
|   9  |   6  |  11  |  12  |
-----------------------------
|  13  |   0  |  14  |  15  |
-----------------------------

-----------------------------
|   1  |   2  |   3  |   4  |
-----------------------------
|  10  |   5  |   7  |   8  |
-----------------------------
|   9  |   0  |  11  |  12  |
-----------------------------
|  13  |   6  |  14  |  15  |
-----------------------------

-----------------------------
|   1  |   2  |   3  |   4  |
-----------------------------
|  10  |   0  |   7  |   8  |
-----------------------------
|   9  |   5  |  11  |  12  |
-----------------------------
|  13  |   6  |  14  |  15  |
-----------------------------

-----------------------------
|   1  |   0  |   3  |   4  |
-----------------------------
|  10  |   2  |   7  |   8  |
-----------------------------
|   9  |   5  |  11  |  12  |
-----------------------------
|  13  |   6  |  14  |  15  |
-----------------------------

-----------------------------
|   0  |   1  |   3  |   4  |
-----------------------------
|  10  |   2  |   7  |   8  |
-----------------------------
|   9  |   5  |  11  |  12  |
-----------------------------
|  13  |   6  |  14  |  15  |
-----------------------------

-----------------------------
|  10  |   1  |   3  |   4  |
-----------------------------
|   0  |   2  |   7  |   8  |
-----------------------------
|   9  |   5  |  11  |  12  |
-----------------------------
|  13  |   6  |  14  |  15  |
-----------------------------

-----------------------------
|  10  |   1  |   3  |   4  |
-----------------------------
|   9  |   2  |   7  |   8  |
-----------------------------
|   0  |   5  |  11  |  12  |
-----------------------------
|  13  |   6  |  14  |  15  |
-----------------------------

-----------------------------
|  10  |   1  |   3  |   4  |
-----------------------------
|   9  |   2  |   7  |   8  |
-----------------------------
|  13  |   5  |  11  |  12  |
-----------------------------
|   0  |   6  |  14  |  15  |
-----------------------------

-----------------------------
|  10  |   1  |   3  |   4  |
-----------------------------
|   9  |   2  |   7  |   8  |
-----------------------------
|  13  |   5  |  11  |  12  |
-----------------------------
|   6  |   0  |  14  |  15  |
-----------------------------

-----------------------------
|  10  |   1  |   3  |   4  |
-----------------------------
|   9  |   2  |   7  |   8  |
-----------------------------
|  13  |   0  |  11  |  12  |
-----------------------------
|   6  |   5  |  14  |  15  |
-----------------------------

-----------------------------
|  10  |   1  |   3  |   4  |
-----------------------------
|   9  |   0  |   7  |   8  |
-----------------------------
|  13  |   2  |  11  |  12  |
-----------------------------
|   6  |   5  |  14  |  15  |
-----------------------------

-----------------------------
|  10  |   0  |   3  |   4  |
-----------------------------
|   9  |   1  |   7  |   8  |
-----------------------------
|  13  |   2  |  11  |  12  |
-----------------------------
|   6  |   5  |  14  |  15  |
-----------------------------

-----------------------------
|   0  |  10  |   3  |   4  |
-----------------------------
|   9  |   1  |   7  |   8  |
-----------------------------
|  13  |   2  |  11  |  12  |
-----------------------------
|   6  |   5  |  14  |  15  |
-----------------------------

-----------------------------
|   9  |  10  |   3  |   4  |
-----------------------------
|   0  |   1  |   7  |   8  |
-----------------------------
|  13  |   2  |  11  |  12  |
-----------------------------
|   6  |   5  |  14  |  15  |
-----------------------------

-----------------------------
|   9  |  10  |   3  |   4  |
-----------------------------
|  13  |   1  |   7  |   8  |
-----------------------------
|   0  |   2  |  11  |  12  |
-----------------------------
|   6  |   5  |  14  |  15  |
-----------------------------

-----------------------------
|   9  |  10  |   3  |   4  |
-----------------------------
|  13  |   1  |   7  |   8  |
-----------------------------
|   6  |   2  |  11  |  12  |
-----------------------------
|   0  |   5  |  14  |  15  |
-----------------------------

-----------------------------
|   9  |  10  |   3  |   4  |
-----------------------------
|  13  |   1  |   7  |   8  |
-----------------------------
|   6  |   2  |  11  |  12  |
-----------------------------
|   5  |   0  |  14  |  15  |
-----------------------------

-----------------------------
|   9  |  10  |   3  |   4  |
-----------------------------
|  13  |   1  |   7  |   8  |
-----------------------------
|   6  |   0  |  11  |  12  |
-----------------------------
|   5  |   2  |  14  |  15  |
-----------------------------

-----------------------------
|   9  |  10  |   3  |   4  |
-----------------------------
|  13  |   0  |   7  |   8  |
-----------------------------
|   6  |   1  |  11  |  12  |
-----------------------------
|   5  |   2  |  14  |  15  |
-----------------------------

-----------------------------
|   9  |   0  |   3  |   4  |
-----------------------------
|  13  |  10  |   7  |   8  |
-----------------------------
|   6  |   1  |  11  |  12  |
-----------------------------
|   5  |   2  |  14  |  15  |
-----------------------------

-----------------------------
|   0  |   9  |   3  |   4  |
-----------------------------
|  13  |  10  |   7  |   8  |
-----------------------------
|   6  |   1  |  11  |  12  |
-----------------------------
|   5  |   2  |  14  |  15  |
-----------------------------

-----------------------------
|  13  |   9  |   3  |   4  |
-----------------------------
|   0  |  10  |   7  |   8  |
-----------------------------
|   6  |   1  |  11  |  12  |
-----------------------------
|   5  |   2  |  14  |  15  |
-----------------------------

-----------------------------
|  13  |   9  |   3  |   4  |
-----------------------------
|   6  |  10  |   7  |   8  |
-----------------------------
|   0  |   1  |  11  |  12  |
-----------------------------
|   5  |   2  |  14  |  15  |
-----------------------------

-----------------------------
|  13  |   9  |   3  |   4  |
-----------------------------
|   6  |  10  |   7  |   8  |
-----------------------------
|   5  |   1  |  11  |  12  |
-----------------------------
|   0  |   2  |  14  |  15  |
-----------------------------

-----------------------------
|  13  |   9  |   3  |   4  |
-----------------------------
|   6  |  10  |   7  |   8  |
-----------------------------
|   5  |   1  |  11  |  12  |
-----------------------------
|   2  |   0  |  14  |  15  |
-----------------------------

-----------------------------
|  13  |   9  |   3  |   4  |
-----------------------------
|   6  |  10  |   7  |   8  |
-----------------------------
|   5  |   0  |  11  |  12  |
-----------------------------
|   2  |   1  |  14  |  15  |
-----------------------------

-----------------------------
|  13  |   9  |   3  |   4  |
-----------------------------
|   6  |   0  |   7  |   8  |
-----------------------------
|   5  |  10  |  11  |  12  |
-----------------------------
|   2  |   1  |  14  |  15  |
-----------------------------

-----------------------------
|  13  |   0  |   3  |   4  |
-----------------------------
|   6  |   9  |   7  |   8  |
-----------------------------
|   5  |  10  |  11  |  12  |
-----------------------------
|   2  |   1  |  14  |  15  |
-----------------------------

-----------------------------
|   0  |  13  |   3  |   4  |
-----------------------------
|   6  |   9  |   7  |   8  |
-----------------------------
|   5  |  10  |  11  |  12  |
-----------------------------
|   2  |   1  |  14  |  15  |
-----------------------------

-----------------------------
|   6  |  13  |   3  |   4  |
-----------------------------
|   0  |   9  |   7  |   8  |
-----------------------------
|   5  |  10  |  11  |  12  |
-----------------------------
|   2  |   1  |  14  |  15  |
-----------------------------

-----------------------------
|   6  |  13  |   3  |   4  |
-----------------------------
|   5  |   9  |   7  |   8  |
-----------------------------
|   0  |  10  |  11  |  12  |
-----------------------------
|   2  |   1  |  14  |  15  |
-----------------------------

-----------------------------
|   6  |  13  |   3  |   4  |
-----------------------------
|   5  |   9  |   7  |   8  |
-----------------------------
|   2  |  10  |  11  |  12  |
-----------------------------
|   0  |   1  |  14  |  15  |
-----------------------------

-----------------------------
|   6  |  13  |   3  |   4  |
-----------------------------
|   5  |   9  |   7  |   8  |
-----------------------------
|   2  |  10  |  11  |  12  |
-----------------------------
|   1  |   0  |  14  |  15  |
-----------------------------

-----------------------------
|   6  |  13  |   3  |   4  |
-----------------------------
|   5  |   9  |   7  |   8  |
-----------------------------
|   2  |   0  |  11  |  12  |
-----------------------------
|   1  |  10  |  14  |  15  |
-----------------------------

-----------------------------
|   6  |  13  |   3  |   4  |
-----------------------------
|   5  |   0  |   7  |   8  |
-----------------------------
|   2  |   9  |  11  |  12  |
-----------------------------
|   1  |  10  |  14  |  15  |
-----------------------------

-----------------------------
|   6  |   0  |   3  |   4  |
-----------------------------
|   5  |  13  |   7  |   8  |
-----------------------------
|   2  |   9  |  11  |  12  |
-----------------------------
|   1  |  10  |  14  |  15  |
-----------------------------

-----------------------------
|   0  |   6  |   3  |   4  |
-----------------------------
|   5  |  13  |   7  |   8  |
-----------------------------
|   2  |   9  |  11  |  12  |
-----------------------------
|   1  |  10  |  14  |  15  |
-----------------------------

-----------------------------
|   5  |   6  |   3  |   4  |
-----------------------------
|   0  |  13  |   7  |   8  |
-----------------------------
|   2  |   9  |  11  |  12  |
-----------------------------
|   1  |  10  |  14  |  15  |
-----------------------------

-----------------------------
|   5  |   6  |   3  |   4  |
-----------------------------
|   2  |  13  |   7  |   8  |
-----------------------------
|   0  |   9  |  11  |  12  |
-----------------------------
|   1  |  10  |  14  |  15  |
-----------------------------

-----------------------------
|   5  |   6  |   3  |   4  |
-----------------------------
|   2  |  13  |   7  |   8  |
-----------------------------
|   1  |   9  |  11  |  12  |
-----------------------------
|   0  |  10  |  14  |  15  |
-----------------------------

-----------------------------
|   5  |   6  |   3  |   4  |
-----------------------------
|   2  |  13  |   7  |   8  |
-----------------------------
|   1  |   9  |  11  |  12  |
-----------------------------
|  10  |   0  |  14  |  15  |
-----------------------------

-----------------------------
|   5  |   6  |   3  |   4  |
-----------------------------
|   2  |  13  |   7  |   8  |
-----------------------------
|   1  |   0  |  11  |  12  |
-----------------------------
|  10  |   9  |  14  |  15  |
-----------------------------

-----------------------------
|   5  |   6  |   3  |   4  |
-----------------------------
|   2  |   0  |   7  |   8  |
-----------------------------
|   1  |  13  |  11  |  12  |
-----------------------------
|  10  |   9  |  14  |  15  |
-----------------------------

-----------------------------
|   5  |   0  |   3  |   4  |
-----------------------------
|   2  |   6  |   7  |   8  |
-----------------------------
|   1  |  13  |  11  |  12  |
-----------------------------
|  10  |   9  |  14  |  15  |
-----------------------------

-----------------------------
|   0  |   5  |   3  |   4  |
-----------------------------
|   2  |   6  |   7  |   8  |
-----------------------------
|   1  |  13  |  11  |  12  |
-----------------------------
|  10  |   9  |  14  |  15  |
-----------------------------

-----------------------------
|   2  |   5  |   3  |   4  |
-----------------------------
|   0  |   6  |   7  |   8  |
-----------------------------
|   1  |  13  |  11  |  12  |
-----------------------------
|  10  |   9  |  14  |  15  |
-----------------------------

-----------------------------
|   2  |   5  |   3  |   4  |
-----------------------------
|   1  |   6  |   7  |   8  |
-----------------------------
|   0  |  13  |  11  |  12  |
-----------------------------
|  10  |   9  |  14  |  15  |
-----------------------------

-----------------------------
|   2  |   5  |   3  |   4  |
-----------------------------
|   1  |   6  |   7  |   8  |
-----------------------------
|  10  |  13  |  11  |  12  |
-----------------------------
|   0  |   9  |  14  |  15  |
-----------------------------

-----------------------------
|   2  |   5  |   3  |   4  |
-----------------------------
|   1  |   6  |   7  |   8  |
-----------------------------
|  10  |  13  |  11  |  12  |
-----------------------------
|   9  |   0  |  14  |  15  |
-----------------------------

-----------------------------
|   2  |   5  |   3  |   4  |
-----------------------------
|   1  |   6  |   7  |   8  |
-----------------------------
|  10  |   0  |  11  |  12  |
-----------------------------
|   9  |  13  |  14  |  15  |
-----------------------------

-----------------------------
|   2  |   5  |   3  |   4  |
-----------------------------
|   1  |   0  |   7  |   8  |
-----------------------------
|  10  |   6  |  11  |  12  |
-----------------------------
|   9  |  13  |  14  |  15  |
-----------------------------

-----------------------------
|   2  |   0  |   3  |   4  |
-----------------------------
|   1  |   5  |   7  |   8  |
-----------------------------
|  10  |   6  |  11  |  12  |
-----------------------------
|   9  |  13  |  14  |  15  |
-----------------------------

-----------------------------
|   2  |   3  |   0  |   4  |
-----------------------------
|   1  |   5  |   7  |   8  |
-----------------------------
|  10  |   6  |  11  |  12  |
-----------------------------
|   9  |  13  |  14  |  15  |
-----------------------------
//Console ran out of space