5
41
45
47
66
67
79
80
92
95
98
100
118
125
129
137
173
176
201
219
244
245
251
253
270
272
274
287
297
298
336
350
352
373
382
409
414
420
430
437
453
466
471
481
483
487
498
510
530
546
547
559
560
582
594
595
610
616
617
624
628
636
638
644
645
649
651
655
665
666
681
689
690
694
728
730
740
748
768
805
816
822
829
861
862
866
880
885
886
899
902
904
913
926
937
942
955
975
980
995
998
1013
1021
1054
1070
1112
1122
1127
1128
1130
1146
1150
1152
1159
1179
1192
1202
1206
1208
1213
1217
1220
1223
1224
1229
1237
1239
1240
1246
1249
1254
1281
1291
1297
1298
1301
1320
1327
1342
1369
1378
1382
1388
1392
1396
1414
1425
1431
1436
1444
1449
1452
1458
1463
1468
1469
1472
1476
1494
1504
1535
1539
1541
1562
1564
1567
1589
1603
1609
1622
1634
1639
1653
1666
1675
1677
1693
1729
1735
1737
1758
1778
1786
1822
1829
1832
1841
1843
1844
1847
1849
1876
1881
1884
1896
1905
1911
1944
1946
1949
1956
1965
1971
1988
1989
1990
1996
1997
2004
2007
2025
2054
2058
2073
2081
2082
2115
2116
2125
2129
2130
2135
2141
2146
2154
2176
2180
2196
2208
2211
2218
2223
2229
2235
2259
2270
2271
2272
2287
2298
2302
2320
2324
2331
2345
2358
2384
2396
2397
2402
2411
2418
2420
2444
2447
2457
2466
2479
2488
2492
2499
2522
2568
2581
2598
2604
2606
2618
2621
2623
2631
2646
2650
2663
2675
2678
2693
2698
2739
2745
2753
2763
2768
2769
2779
2782
2788
2810
2829
2833
2844
2855
2857
2861
2866
2873
2883
2885
2923
2927
2932
2946
2947
2964
2982
3002
3008
3012
3013
3023
3026
3031
3034
3038
3039
3055
3067
3070
3073
3084
3086
3109
3118
3122
3133
3139
3152
3185
3186
3189
3206
3207
3211
3242
3247
3250
3255
3261
3271
3274
3299
3305
3310
3331
3345
3352
3355
3379
3382
3384
3394
3415
3418
3424
3437
3438
3439
3450
3488
3505
3522
3529
3533
3535
3541
3543
3558
3574
3578
3582
3610
3617
3620
3628
3632
3641
3645
3650
3656
3657
3704
3730
3748
3757
3781
3809
3818
3831
3832
3839
3855
3864
3874
3883
3887
3893
3910
3915
3923
3957
3967
3968
3988
3998
4007
4011
4016
4021
4024
4025
4037
4041
4046
4055
4068
4069
4070
4094
4109
4110
4115
4125
4134
4171
4184
4186
4199
4209
4218
4224
4227
4280
4283
4289
4301
4303
4330
4337
4344
4356
4363
4404
4413
4425
4451
4458
4489
4490
4491
4504
4506
4524
4528
4536
4539
4564
4573
4579
4584
4589
4626
4632
4645
4701
4711
4717
4721
4724
4731
4733
4735
4741
4746
4752
4755
4757
4774
4776
4780
4826
4827
4840
4843
4864
4867
4880
4881
4890
4899
4900
4907
4912
4930
4935
4952
4963
4965
4994
5011
5019
5021
5024
5025
5029
5041
5046
5052
5062
5064
5096
5099
5101
5107
5129
5142
5150
5152
5158
5173
5193
5196
5202
5204
5205
5206
5214
5222
5223
5240
5242
5254
5262
5275
5278
5282
5302
5307
5312
5315
5320
5322
5328
5339
5354
5355
5369
5373
5384
5386
5392
5404
5427
5438
5441
5454
5458
5464
5468
5479
5485
5492
5535
5545
5556
5568
5573
5595
5617
5630
5632
5636
5663
5669
5670
5676
5685
5698
5717
5723
5738
5740
5778
5785
5816
5848
5852
5854
5865
5867
5868
5895
5933
5947
5954
5961
5972
5980
5996
6012
6034
6035
6039
6076
6079
6090
6093
6095
6097
6115
6116
6140
6177
6194
6208
6210
6213
6222
6235
6237
6240
6259
6283
6290
6293
6308
6322
6381
6384
6391
6403
6450
6451
6464
6478
6480
6513
6532
6534
6538
6542
6571
6574
6591
6593
6602
6605
6607
6615
6617
6621
6632
6641
6644
6653
6662
6663
6689
6697
6709
6711
6727
6729
6731
6738
6744
6782
6784
6787
6795
6799
6809
6816
6824
6837
6840
6841
6850
6860
6887
6891
6900
6913
6920
6928
6930
6936
6949
6975
6985
6999
7003
7013
7016
7017
7054
7063
7076
7084
7085
7100
7104
7114
7137
7146
7153
7162
7175
7178
7203
7205
7214
7222
7227
7240
7269
7272
7279
7284
7295
7313
7316
7320
7329
7330
7338
7343
7345
7352
7360
7364
7367
7391
7414
7415
7417
7444
7454
7469
7480
7481
7489
7490
7494
7495
7503
7524
7534
7545
7548
7551
7555
7557
7561
7567
7569
7574
7580
7587
7607
7627
7632
7635
7636
7649
7659
7669
7710
7733
7736
7748
7752
7757
7762
7764
7778
7796
7797
7804
7825
7826
7867
7872
7889
7909
7921
7932
7934
7938
7992
8003
8035
8054
8058
8064
8074
8075
8081
8087
8101
8107
8108
8113
8122
8140
8141
8143
8158
8167
8168
8169
8172
8181
8186
8202
8205
8211
8214
8246
8256
8266
8268
8282
8284
8292
8302
8307
8308
8324
8325
8331
8333
8339
8345
8360
8370
8380
8381
8399
8400
8405
8406
8408
8416
8422
8423
8436
8441
8443
8448
8456
8464
8468
8472
8481
8491
8498
8503
8512
8521
8527
8555
8557
8574
8577
8608
8634
8639
8645
8660
8679
8681
8686
8695
8733
8752
8757
8758
8773
8775
8791
8797
8811
8821
8854
8862
8870
8880
8896
8902
8911
8944
8945
8968
8969
8984
8985
8994
9011
9017
9030
9032
9035
9062
9068
9083
9084
9086
9093
9120
9130
9132
9133
9163
9165
9175
9176
9189
9201
9224
9226
9243
9245
9247
9248
9258
9284
9299
9312
9325
9327
9338
9343
9353
9363
9385
9388
9396
9417
9418
9437
9441
9444
9448
9451
9462
9464
9468
9471
9482
9490
9493
9524
9588
9595
9604
9630
9636
9637
9641
9648
9656
9661
9681
9683
9684
9688
9694
9697
9727
9730
9731
9736
9749
9766
9768
9784
9789
9795
9800
9805
9813
9822
9835
9837
9847
9850
9855
9865
9866
9897
9902
9920
9925
9926
9928
9936
9957
9991
9996
9997
