0
1
1
3
4
6
7
7
7
8
12
12
13
13
14
15
16
16
17
18
18
21
21
24
24
24
25
31
32
35
35
37
40
46
48
49
49
49
50
52
52
55
59
59
60
61
63
65
66
67
68
70
73
74
74
75
77
78
78
82
84
84
84
84
84
87
88
89
93
97
98
100
101
103
108
111
111
116
119
119
122
123
123
124
124
124
128
130
133
138
138
141
147
149
151
152
152
159
160
170
170
171
176
179
179
180
182
187
190
192
196
200
201
213
216
218
218
222
223
227
235
249
249
250
251
253
254
254
262
262
267
269
276
280
289
292
296
298
301
311
315
321
322
329
331
344
354
357
361
365
366
372
375
376
380
386
397
397
410
411
424
425
431
435
440
441
453
454
459
461
465
467
474
480
484
485
491
494
494
494
495
511
514
527
528
542
550
562
576
583
595
597
606
609
610
611
616
623
632
634
635
637
643
645
646
660
670
672
676
689
696
698
702
713
713
715
716
728
751
756
757
777
786
790
790
793
797
797
803
812
821
821
837
841
842
851
852
854
869
914
920
970
1013
1047
1060
1109
1164
