1
6
9
14
19
25
29
44
50
61
69
81
94
136
142
149
159
165
168
170
177
178
186
199
202
204
211
217
222
230
260
263
271
275
296
300
302
315
320
343
346
356
358
359
368
371
376
378
380
400
423
432
433
444
446
454
476
496
511
518
521
543
553
563
572
576
579
586
590
591
607
627
641
653
669
673
674
675
684
692
696
714
717
732
738
752
767
777
796
810
820
827
841
851
852
857
882
893
912
917
927
929
932
934
938
952
953
957
962
963
965
970
988
1011
1029
1032
1048
1053
1071
1084
1120
1136
1147
1149
1160
1161
1174
1191
1196
1200
1201
1211
1218
1241
1242
1256
1263
1268
1271
1274
1285
1287
1294
1300
1302
1318
1325
1329
1343
1359
1373
1387
1390
1403
1406
1411
1417
1465
1480
1481
1487
1495
1501
1508
1509
1511
1521
1523
1528
1532
1544
1547
1558
1570
1576
1583
1585
1586
1587
1596
1604
1605
1613
1633
1656
1678
1686
1696
1698
1700
1701
1708
1709
1712
1736
1740
1742
1762
1764
1779
1787
1793
1797
1799
1805
1810
1826
1828
1856
1891
1894
1908
1936
1938
1962
1976
2008
2020
2028
2034
2048
2051
2056
2062
2069
2072
2089
2093
2101
2107
2119
2126
2136
2149
2162
2177
2193
2205
2209
2215
2232
2252
2268
2304
2307
2308
2309
2333
2359
2366
2369
2383
2401
2403
2423
2425
2426
2428
2431
2446
2452
2487
2493
2497
2501
2511
2518
2533
2542
2563
2576
2587
2620
2625
2641
2656
2707
2711
2749
2783
2785
2789
2790
2794
2802
2818
2821
2825
2838
2840
2849
2851
2896
2898
2902
2913
2914
2931
2934
2941
2944
2949
2952
2955
2956
2968
2983
2987
3032
3050
3061
3071
3093
3096
3104
3108
3162
3183
3188
3200
3204
3214
3219
3244
3251
3279
3283
3290
3295
3329
3330
3341
3351
3359
3366
3390
3401
3411
3426
3429
3441
3447
3459
3482
3484
3512
3520
3527
3548
3549
3555
3563
3565
3566
3576
3586
3589
3595
3602
3604
3616
3633
3643
3649
3669
3672
3675
3701
3711
3714
3716
3734
3740
3763
3769
3772
3774
3785
3788
3799
3803
3819
3851
3857
3859
3895
3896
3900
3903
3916
3917
3919
3921
3924
3925
3948
3958
3961
3962
3975
3976
3977
3983
3984
3987
3994
3996
4001
4035
4042
4043
4061
4077
4079
4092
4114
4126
4158
4161
4165
4192
4200
4201
4206
4207
4211
4221
4228
4233
4235
4246
4247
4251
4252
4253
4258
4262
4265
4277
4302
4310
4318
4329
4333
4351
4372
4376
4415
4428
4430
4460
4471
4517
4518
4521
4522
4523
4568
4569
4590
4596
4597
4599
4601
4602
4640
4648
4649
4658
4664
4665
4668
4692
4699
4718
4740
4758
4759
4760
4762
4769
4796
4797
4799
4823
4839
4849
4877
4885
4895
4922
4927
4960
4962
4971
4977
4999
5073
5089
5103
5114
5115
5124
5126
5146
5151
5167
5181
5187
5191
5198
5218
5229
5234
5235
5249
5253
5276
5288
5304
5318
5319
5338
5340
5342
5347
5374
5375
5388
5415
5428
5443
5451
5452
5455
5462
5469
5488
5503
5511
5517
5528
5541
5551
5558
5559
5572
5576
5584
5585
5621
5622
5649
5652
5672
5689
5701
5703
5705
5726
5730
5735
5744
5747
5766
5811
5817
5824
5846
5860
5861
5862
5877
5881
5890
5911
5917
5924
5928
5943
5952
5953
5958
5974
5982
5985
5988
6007
6009
6010
6024
6045
6051
6053
6067
6074
6091
6121
6138
6146
6153
6154
6164
6169
6171
6172
6191
6202
6247
6294
6296
6311
6313
6316
6327
6333
6351
6368
6399
6409
6423
6429
6440
6447
6461
6462
6465
6473
6474
6505
6510
6516
6521
6539
6544
6552
6575
6582
6585
6587
6590
6604
6608
6618
6624
6640
6642
6646
6658
6659
6660
6679
6687
6721
6728
6750
6756
6762
6763
6775
6780
6785
6810
6818
6820
6823
6828
6843
6848
6854
6855
6859
6865
6871
6896
6903
6906
6912
6918
6922
6932
6973
6978
7002
7019
7020
7024
7028
7056
7058
7060
7061
7073
7103
7127
7135
7147
7149
7161
7164
7179
7182
7187
7188
7206
7207
7211
7221
7252
7255
7264
7265
7270
7276
7302
7307
7311
7312
7317
7322
7325
7333
7335
7348
7353
7358
7362
7371
7392
7403
7404
7445
7447
7477
7496
7502
7506
7519
7525
7526
7528
7544
7549
7553
7570
7578
7601
7606
7608
7611
7612
7623
7626
7629
7634
7653
7668
7670
7678
7697
7702
7716
7729
7732
7739
7754
7766
7779
7780
7792
7795
7800
7803
7805
7808
7813
7815
7828
7833
7836
7838
7843
7847
7857
7861
7862
7864
7876
7882
7884
7888
7899
7903
7907
7911
7913
7917
7918
7937
7946
7972
7976
7981
7993
8001
8002
8013
8017
8025
8028
8030
8079
8083
8091
8095
8096
8127
8128
8145
8150
8154
8159
8161
8178
8189
8208
8219
8220
8230
8234
8254
8257
8260
8286
8313
8317
8321
8329
8335
8343
8356
8358
8415
8426
8432
8460
8484
8489
8500
8514
8520
8524
8529
8533
8537
8541
8542
8544
8579
8581
8584
8587
8623
8624
8650
8666
8668
8669
8680
8682
8690
8713
8718
8726
8738
8745
8755
8764
8766
8779
8780
8781
8795
8796
8831
8834
8835
8837
8852
8860
8884
8889
8899
8908
8940
8948
8950
8955
8982
8986
8998
9001
9003
9004
9009
9028
9034
9044
9080
9087
9103
9111
9112
9115
9134
9137
9164
9166
9170
9177
9185
9198
9205
9207
9215
9232
9262
9264
9281
9305
9314
9323
9339
9342
9345
9377
9383
9386
9395
9402
9404
9407
9413
9414
9424
9460
9488
9496
9503
9509
9520
9528
9530
9540
9541
9564
9566
9568
9576
9585
9589
9594
9600
9601
9618
9620
9621
9639
9668
9677
9715
9734
9750
9753
9757
9759
9783
9787
9793
9810
9814
9823
9834
9844
9845
9849
9879
9881
9882
9893
9905
9906
9944
9951
9958
9967
9973
9981
9987
9998
