1
4
41
45
48
49
54
75
92
93
106
109
128
129
146
148
158
160
166
169
183
185
202
203
207
211
212
216
231
250
255
258
259
266
278
289
313
320
343
345
349
355
360
375
376
394
405
416
443
453
454
459
465
487
488
521
522
547
554
562
563
567
571
578
580
584
595
613
616
620
640
647
663
669
674
695
696
711
713
729
751
757
777
779
787
789
790
804
810
822
823
826
827
851
874
893
896
902
915
918
920
921
930
933
942
943
944
951
967
992
996
1010
1019
1041
1042
1045
1058
1071
1074
1079
1082
1090
1092
1097
1106
1138
1140
1148
1150
1151
1156
1157
1162
1177
1178
1198
1210
1229
1255
1256
1269
1299
1301
1309
1319
1324
1336
1340
1364
1390
1391
1397
1403
1407
1413
1417
1438
1441
1443
1453
1473
1475
1501
1524
1525
1534
1535
1547
1563
1565
1623
1627
1631
1633
1635
1638
1651
1666
1677
1686
1690
1692
1695
1703
1708
1710
1721
1731
1761
1779
1781
1787
1790
1808
1824
1830
1838
1846
1848
1851
1858
1866
1869
1870
1872
1901
1902
1910
1913
1914
1916
1917
1920
1923
1959
1994
2006
2018
2026
2028
2030
2045
2051
2056
2062
2066
2070
2092
2105
2123
2131
2141
2163
2165
2166
2172
2185
2191
2200
2213
2214
2234
2251
2262
2264
2266
2272
2273
2292
2297
2300
2302
2323
2325
2327
2336
2351
2369
2376
2382
2386
2393
2402
2413
2419
2442
2456
2458
2476
2483
2510
2534
2541
2556
2581
2615
2620
2656
2674
2675
2681
2689
2695
2697
2700
2710
2714
2724
2729
2734
2736
2760
2763
2768
2775
2787
2803
2821
2822
2832
2838
2839
2844
2862
2869
2875
2883
2897
2927
2933
2939
2943
2950
2963
2990
3000
3008
3019
3020
3047
3055
3074
3075
3076
3089
3123
3136
3154
3158
3169
3177
3185
3192
3194
3195
3206
3225
3245
3254
3270
3279
3285
3292
3293
3294
3300
3311
3318
3345
3349
3359
3372
3386
3387
3389
3390
3418
3425
3442
3448
3454
3456
3467
3498
3505
3510
3552
3568
3585
3598
3599
3600
3627
3652
3654
3675
3676
3679
3699
3707
3730
3743
3758
3759
3762
3771
3783
3789
3791
3798
3815
3821
3836
3839
3841
3847
3872
3879
3891
3898
3922
3946
3950
3956
3964
3966
3970
3973
3978
3989
3990
3991
4000
4002
4005
4009
4014
4028
4055
4058
4083
4084
4093
4098
4106
4126
4128
4130
4131
4133
4148
4150
4152
4155
4163
4176
4180
4191
4195
4198
4199
4205
4234
4239
4256
4260
4279
4304
4311
4315
4349
4351
4378
4400
4404
4414
4432
4457
4468
4478
4502
4507
4508
4530
4564
4566
4569
4571
4576
4597
4604
4607
4616
4626
4632
4651
4657
4668
4670
4681
4699
4707
4714
4724
4727
4739
4753
4765
4797
4798
4802
4848
4860
4914
4944
4948
4978
5008
5010
5049
5054
5059
5065
5067
5068
5074
5076
5083
5089
5097
5102
5112
5115
5128
5138
5141
5160
5174
5175
5177
5180
5210
5212
5218
5239
5240
5248
5256
5261
5306
5320
5345
5351
5360
5361
5396
5398
5430
5437
5440
5451
5463
5472
5480
5487
5506
5519
5520
5539
5547
5579
5604
5607
5618
5647
5656
5665
5686
5688
5710
5725
5728
5739
5745
5752
5754
5766
5771
5798
5801
5802
5816
5819
5825
5829
5837
5845
5849
5861
5886
5894
5915
5928
5929
5931
5946
5979
5989
6006
6008
6012
6018
6021
6024
6025
6027
6035
6044
6050
6056
6061
6071
6119
6134
6148
6150
6165
6167
6175
6209
6213
6221
6235
6238
6243
6267
6280
6291
6295
6299
6302
6344
6363
6370
6388
6399
6400
6414
6417
6469
6471
6496
6513
6525
6527
6538
6579
6581
6582
6616
6619
6627
6632
6643
6644
6653
6657
6679
6680
6687
6706
6717
6722
6743
6759
6765
6774
6791
6793
6797
6804
6813
6819
6824
6831
6832
6851
6901
6905
6906
6926
6936
6944
6967
6969
6971
6973
6974
6983
6987
6990
6993
6994
6995
7003
7009
7015
7020
7021
7023
7026
7027
7035
7038
7039
7048
7050
7067
7081
7087
7088
7094
7097
7107
7123
7133
7135
7139
7160
7162
7169
7185
7206
7213
7217
7301
7325
7327
7343
7390
7392
7396
7402
7410
7419
7423
7438
7456
7458
7471
7487
7488
7491
7499
7501
7502
7507
7514
7515
7528
7536
7544
7545
7556
7570
7585
7596
7597
7599
7603
7604
7628
7642
7663
7669
7673
7697
7698
7711
7735
7750
7767
7769
7773
7774
7775
7783
7786
7799
7811
7849
7857
7859
7886
7894
7900
7917
7919
7929
7931
7939
7945
7952
7956
7964
7969
7975
7982
7984
7992
8011
8029
8032
8033
8034
8037
8040
8045
8054
8061
8066
8101
8107
8116
8129
8156
8157
8171
8186
8207
8215
8222
8232
8234
8238
8241
8244
8245
8248
8280
8308
8312
8316
8325
8338
8357
8358
8376
8384
8385
8386
8411
8421
8431
8453
8457
8460
8464
8471
8472
8482
8492
8508
8511
8516
8521
8537
8540
8549
8552
8585
8586
8593
8596
8605
8633
8634
8641
8642
8645
8661
8676
8682
8687
8690
8718
8723
8735
8737
8745
8761
8813
8863
8894
8895
8897
8908
8963
8973
8980
8984
9005
9017
9022
9026
9028
9038
9055
9070
9076
9078
9092
9116
9122
9127
9140
9150
9155
9167
9177
9181
9194
9206
9216
9223
9238
9242
9253
9256
9260
9264
9290
9301
9309
9329
9333
9341
9346
9393
9400
9405
9432
9433
9457
9466
9469
9493
9520
9547
9552
9569
9582
9586
9599
9603
9608
9636
9652
9667
9669
9676
9681
9683
9685
9690
9692
9700
9705
9720
9725
9734
9748
9751
9790
9795
9807
9813
9816
9833
9836
9848
9849
9853
9868
9874
9895
9898
9903
9945
9951
9955
9961
9989
9996
10002
10007
10008
10015
10054
10068
10071
10086
10089
10102
10135
10146
10148
10150
10165
10174
10179
10181
10191
10202
10206
10212
10214
10221
10228
10230
10250
10264
10266
10290
10292
10319
10338
10342
10348
10352
10373
10391
10408
10435
10456
10457
10459
10465
10466
10472
10476
10477
10482
10496
10504
10513
10523
10532
10533
10550
10551
10566
10593
10606
10608
10635
10641
10650
10669
10687
10691
10693
10704
10705
10713
10714
10726
10728
10734
10740
10743
10772
10774
10796
10810
10812
10816
10839
10847
10866
10871
10877
10885
10890
10891
10898
10900
10904
10907
10916
10925
10926
10929
10947
10957
10958
10972
10974
10977
10981
10986
11021
11052
11064
11088
11102
11103
11110
11120
11126
11132
11136
11147
11155
11173
11191
11206
11222
11223
11225
11232
11244
11261
11264
11279
11282
11295
11299
11316
11318
11321
11322
11342
11346
11358
11360
11363
11366
11372
11404
11433
11439
11461
11495
11512
11533
11538
11541
11543
11546
11554
11561
11578
11579
11581
11596
11610
11615
11616
11645
11650
11654
11664
11695
11713
11720
11735
11737
11738
11743
11753
11764
11771
11774
11781
11783
11794
11811
11816
11819
11859
11862
11873
11879
11883
11895
11897
11898
11899
11924
11926
11953
11963
11972
11974
11982
11983
12011
12012
12038
12043
12052
12062
12063
12078
12079
12088
12092
12096
12097
12098
12110
12119
12123
12130
12132
12148
12158
12159
12161
12169
12173
12177
12180
12202
12234
12263
12269
12272
12301
12310
12315
12329
12335
12362
12363
12373
12382
12408
12427
12430
12435
12451
12509
12515
12519
12522
12524
12526
12549
12556
12558
12563
12604
12605
12608
12610
12617
12631
12655
12666
12673
12674
12681
12686
12691
12692
12695
12697
12700
12711
12712
12713
12725
12726
12732
12737
12750
12766
12775
12781
12786
12788
12794
12807
12808
12825
12838
12843
12844
12855
12865
12868
12899
12927
12934
12968
12970
12972
12974
12985
12987
12991
13019
13031
13035
13039
13045
13054
13070
13087
13090
13142
13169
13179
13205
13222
13252
13257
13273
13287
13289
13295
13304
13310
13317
13324
13328
13333
13341
13369
13380
13391
13412
13414
13415
13425
13435
13438
13454
13457
13462
13463
13470
13491
13495
13524
13544
13551
13552
13568
13572
13590
13595
13604
13612
13623
13628
13639
13649
13651
13660
13663
13678
13698
13706
13713
13714
13749
13761
13763
13769
13798
13799
13806
13808
13813
13814
13820
13833
13841
13855
13860
13863
13867
13870
13880
13882
13886
13906
13921
13924
13936
13939
13962
13966
13978
13986
13991
13995
14007
14012
14025
14066
14069
14094
14107
14111
14119
14155
14160
14182
14211
14213
14215
14222
14227
14230
14238
14240
14244
14249
14258
14263
14285
14294
14315
14342
14346
14364
14384
14399
14407
14416
14417
14436
14437
14439
14442
14454
14455
14462
14469
14476
14501
14508
14522
14526
14563
14564
14569
14580
14591
14593
14596
14609
14614
14621
14625
14626
14627
14628
14633
14634
14660
14688
14699
14705
14709
14714
14723
14733
14748
14758
14770
14772
14784
14792
14796
14807
14816
14827
14831
14839
14842
14847
14865
14870
14881
14903
14917
14933
14939
14943
14947
14950
14972
14974
14989
14995
14997
14998
15002
15004
15007
15010
15019
15020
15031
15049
15058
15061
15091
15099
15102
15106
15120
15147
15152
15162
15174
15181
15196
15214
15219
15222
15236
15237
15239
15257
15274
15296
15309
15311
15313
15314
15333
15348
15353
15356
15364
15375
15383
15387
15436
15457
15474
15476
15482
15491
15505
15518
15548
15556
15580
15583
15588
15597
15603
15611
15619
15635
15644
15653
15654
15664
15681
15706
15713
15714
15762
15770
15787
15788
15798
15800
15802
15806
15808
15809
15826
15828
15830
15848
15851
15860
15869
15872
15874
15878
15879
15885
15886
15890
15891
15906
15913
15914
15918
15930
15931
15954
15963
15978
15985
15986
15991
15992
16000
16013
16032
16033
16037
16045
16071
16078
16082
16087
16092
16125
16127
16132
16134
16138
16144
16148
16150
16158
16168
16170
16179
16183
16196
16207
16255
16264
16281
16284
16289
16304
16311
16326
16334
16354
16361
16367
16386
16389
16407
16413
16418
16424
16427
16478
16479
16495
16501
16530
16531
16532
16548
16551
16567
16575
16580
16594
16599
16620
16628
16652
16654
16685
16701
16713
16726
16737
16745
16755
16759
16772
16780
16797
16808
16811
16813
16814
16818
16822
16826
16828
16842
16854
16868
16870
16873
16884
16902
16910
16916
16918
16924
16927
16937
16941
16957
16968
16975
16993
16999
17003
17015
17017
17034
17040
17054
17055
17066
17078
17092
17093
17108
17109
17123
17133
17135
17146
17155
17164
17177
17190
17192
17212
17226
17234
17253
17256
17268
17274
17284
17286
17287
17292
17297
17330
17337
17342
17346
17349
17350
17382
17409
17411
17447
17449
17459
17460
17483
17491
17504
17517
17519
17523
17527
17533
17539
17542
17557
17559
17562
17584
17585
17593
17595
17598
17630
17631
17641
17648
17658
17670
17677
17681
17686
17689
17698
17718
17719
17739
17741
17742
17748
17756
17761
17767
17789
17795
17812
17813
17814
17815
17839
17842
17868
17869
17875
17941
17950
17975
17976
17987
18002
18013
18040
18041
18050
18051
18059
18060
18078
18082
18091
18102
18109
18119
18122
18139
18145
18154
18157
18162
18178
18180
18190
18203
18204
18217
18248
18259
18265
18277
18280
18313
18344
18345
18346
18356
18359
18365
18374
18379
18382
18402
18423
18425
18431
18433
18441
18447
18456
18460
18461
18467
18495
18517
18521
18538
18539
18562
18575
18595
18605
18609
18611
18614
18615
18616
18653
18655
18656
18657
18663
18687
18696
18703
18712
18715
18726
18739
18753
18757
18772
18773
18780
18810
18812
18827
18832
18833
18834
18851
18859
18860
18862
18867
18870
18884
18885
18889
18892
18897
18899
18900
18904
18915
18928
18934
18945
18951
18960
19007
19039
19048
19060
19061
19079
19087
19094
19106
19132
19137
19151
19177
19194
19198
19199
19218
19220
19222
19226
19227
19242
19252
19255
19258
19261
19270
19271
19274
19279
19299
19309
19328
19332
19341
19357
19364
19365
19368
19370
19373
19375
19387
19396
19408
19411
19424
19429
19431
19434
19454
19469
19490
19501
19510
19516
19522
19525
19528
19560
19566
19584
19585
19588
19609
19617
19645
19646
19650
19660
19680
19685
19690
19699
19700
19703
19711
19732
19735
19738
19757
19762
19769
19791
19794
19800
19802
19808
19832
19842
19855
19869
19870
19871
19878
19886
19896
19916
19932
19956
19957
19961
19972
19993
20008
20011
20017
20025
20058
20059
20090
20094
20096
20097
20109
20116
20123
20127
20134
20152
20169
20172
20174
20182
20186
20190
20198
20206
20209
20210
20213
20218
20234
20236
20237
20239
20264
20272
20277
20282
20287
20304
20306
20317
20324
20325
20336
20337
20348
20368
20381
20383
20387
20389
20391
20402
20416
20418
20419
20422
20428
20436
20450
20454
20460
20471
20476
20491
20493
20499
20500
20502
20509
20527
20538
20549
20559
20576
20588
20605
20631
20634
20651
20655
20658
20663
20666
20667
20687
20695
20703
20731
20735
20765
20768
20830
20848
20863
20866
20870
20890
20903
20921
20926
20929
20941
20951
20960
20961
21003
21016
21022
21026
21028
21029
21034
21035
21045
21057
21059
21071
21076
21077
21089
21091
21096
21099
21102
21112
21118
21125
21126
21131
21142
21154
21158
21159
21165
21166
21168
21181
21188
21191
21201
21204
21209
21222
21225
21227
21241
21242
21250
21260
21270
21293
21294
21299
21307
21310
21321
21326
21342
21354
21355
21357
21361
21362
21377
21385
21389
21423
21426
21435
21444
21461
21492
21506
21512
21518
21543
21548
21551
21566
21575
21585
21607
21612
21627
21634
21636
21648
21651
21663
21706
21724
21739
21741
21746
21751
21789
21799
21818
21819
21821
21822
21825
21827
21830
21831
21847
21855
21865
21883
21887
21893
21902
21923
21926
21928
21938
21944
21945
21964
21966
21969
21974
21977
21986
22000
22008
22034
22063
22067
22086
22094
22109
22120
22143
22166
22167
22169
22183
22186
22190
22194
22199
22207
22208
22209
22213
22230
22232
22238
22242
22253
22263
22268
22313
22323
22341
22353
22363
22367
22369
22388
22403
22423
22435
22438
22442
22490
22506
22515
22517
22519
22523
22534
22538
22541
22545
22549
22565
22572
22576
22585
22589
22602
22605
22608
22615
22617
22621
22631
22640
22646
22672
22685
22688
22698
22708
22721
22725
22746
22751
22766
22789
22805
22806
22810
22830
22838
22841
22850
22852
22870
22891
22901
22904
22915
22917
22922
22927
22934
22939
22942
22953
22965
22993
22997
23004
23017
23027
23041
23059
23082
23096
23108
23109
23127
23130
23165
23173
23178
23181
23183
23190
23204
23230
23231
23232
23235
23237
23240
23259
23260
23278
23287
23318
23336
23343
23347
23380
23381
23383
23387
23397
23403
23405
23423
23426
23428
23450
23478
23480
23485
23490
23496
23522
23553
23566
23570
23576
23585
23594
23603
23605
23625
23657
23665
23676
23707
23717
23728
23732
23735
23746
23760
23762
23766
23773
23804
23820
23829
23837
23848
23859
23860
23880
23900
23913
23914
23918
23980
23996
24003
24005
24021
24034
24051
24055
24068
24099
24108
24110
24123
24130
24151
24157
24175
24195
24198
24199
24208
24209
24246
24250
24254
24270
24277
24283
24284
24293
24314
24315
24325
24328
24337
24345
24361
24365
24376
24380
24404
24407
24413
24421
24430
24449
24451
24459
24481
24496
24499
24500
24510
24517
24525
24539
24541
24542
24589
24607
24615
24617
24619
24625
24632
24635
24649
24656
24657
24660
24664
24667
24668
24708
24713
24725
24732
24734
24751
24757
24759
24760
24761
24763
24784
24789
24806
24826
24828
24833
24839
24844
24846
24851
24865
24883
24890
24892
24895
24900
24917
24918
24938
24943
24950
24954
24969
24971
24985
24998
24999
25000
25001
25004
25023
25027
25040
25063
25070
25073
25081
25086
25118
25132
25135
25144
25156
25172
25179
25186
25192
25199
25207
25212
25216
25222
25245
25259
25264
25269
25271
25285
25318
25322
25327
25347
25357
25359
25370
25377
25382
25405
25412
25421
25432
25458
25465
25478
25481
25484
25499
25501
25505
25509
25522
25525
25531
25541
25546
25553
25557
25562
25564
25593
25597
25601
25604
25608
25621
25623
25636
25639
25646
25651
25658
25665
25667
25679
25695
25697
25703
25717
25720
25722
25733
25741
25768
25770
25779
25795
25798
25809
25811
25823
25842
25857
25896
25902
25915
25920
25921
25931
25950
25997
26001
26006
26007
26011
26018
26026
26031
26036
26037
26043
26050
26060
26063
26064
26069
26083
26087
26098
26120
26124
26133
26137
26167
26177
26179
26193
26194
26197
26200
26226
26231
26239
26243
26250
26260
26264
26279
26301
26302
26319
26320
26336
26342
26352
26368
26371
26381
26383
26385
26387
26402
26413
26418
26429
26434
26470
26481
26499
26501
26503
26511
26529
26532
26554
26565
26567
26576
26579
26581
26586
26587
26593
26594
26603
26606
26617
26626
26627
26635
26636
26662
26698
26704
26711
26715
26731
26747
26754
26757
26795
26802
26819
26828
26837
26844
26852
26855
26878
26883
26892
26894
26895
26898
26906
26907
26919
26921
26924
26936
26938
26940
26955
26971
26976
26987
27021
27027
27028
27029
27037
27074
27077
27079
27086
27093
27099
27100
27119
27145
27147
27161
27184
27195
27200
27220
27223
27228
27236
27240
27245
27266
27272
27283
27326
27346
27350
27353
27355
27356
27357
27366
27397
27403
27406
27416
27423
27427
27429
27435
27454
27459
27472
27484
27492
27503
27510
27516
27534
27555
27566
27577
27581
27605
27627
27643
27695
27697
27700
27704
27706
27721
27722
27728
27730
27732
27733
27735
27739
27745
27756
27759
27760
27795
27800
27802
27820
27832
27848
27869
27876
27887
27893
27913
27923
27924
27932
27940
27959
27962
27974
27978
27992
27997
28004
28007
28009
28026
28075
28081
28088
28130
28132
28191
28192
28200
28209
28231
28255
28259
28270
28276
28277
28278
28279
28293
28308
28313
28336
28357
28387
28388
28409
28432
28434
28442
28456
28473
28499
28503
28521
28522
28527
28540
28544
28545
28558
28565
28567
28575
28608
28617
28623
28666
28675
28689
28691
28716
28717
28725
28746
28754
28757
28763
28764
28774
28775
28777
28779
28782
28784
28789
28796
28798
28799
28802
28803
28804
28807
28819
28824
28825
28835
28836
28846
28857
28870
28898
28902
28924
28925
28929
28948
28951
28977
28981
28987
29000
29016
29025
29032
29051
29055
29084
29088
29092
29093
29094
29097
29115
29132
29158
29176
29187
29208
29213
29216
29220
29222
29240
29261
29265
29276
29302
29320
29322
29323
29334
29351
29358
29379
29385
29389
29409
29410
29411
29428
29452
29462
29469
29478
29487
29493
29494
29498
29499
29502
29508
29512
29517
29518
29524
29528
29543
29553
29569
29593
29627
29636
29637
29644
29646
29650
29653
29659
29660
29663
29666
29667
29671
29676
29679
29689
29698
29700
29703
29728
29738
29752
29760
29761
29777
29780
29784
29789
29792
29803
29810
29824
29836
29837
29849
29854
29917
29934
29936
29954
29961
29966
29977
29985
30009
30022
30031
30034
30054
30063
30066
30077
30082
30086
30093
30094
30096
30105
30118
30126
30127
30149
30161
30164
30185
30193
30204
30212
30222
30232
30240
30244
30248
30255
30263
30274
30275
30296
30303
30315
30346
30352
30353
30358
30382
30400
30402
30404
30406
30410
30412
30432
30433
30435
30441
30448
30450
30456
30457
30464
30465
30467
30483
30485
30500
30503
30518
30523
30542
30569
30571
30576
30581
30587
30597
30618
30621
30622
30623
30646
30654
30677
30773
30788
30792
30794
30798
30809
30811
30834
30845
30849
30861
30865
30866
30886
30896
30914
30928
30933
30941
30958
30967
30977
30986
30997
31007
31015
31021
31027
31043
31069
31070
31075
31084
31094
31106
31123
31141
31154
31156
31174
31175
31180
31192
31197
31200
31202
31207
31210
31242
31250
31251
31254
31261
31278
31284
31292
31297
31311
31312
31323
31338
31358
31384
31388
31400
31401
31413
31431
31450
31451
31461
31463
31464
31476
31487
31503
31508
31514
31517
31520
31522
31546
31562
31582
31584
31607
31612
31614
31618
31622
31624
31627
31631
31641
31642
31656
31673
31676
31679
31685
31699
31703
31714
31720
31734
31744
31747
31754
31758
31759
31785
31790
31804
31813
31821
31847
31872
31878
31904
31912
31914
31921
31922
31923
31924
31943
31961
31987
32002
32036
32038
32053
32054
32068
32072
32083
32089
32095
32097
32106
32123
32124
32128
32154
32171
32176
32177
32186
32191
32197
32198
32199
32206
32211
32226
32231
32251
32262
32263
32269
32278
32280
32287
32310
32325
32330
32332
32333
32354
32355
32365
32372
32390
32396
32402
32417
32419
32422
32430
32439
32446
32500
32501
32504
32510
32516
32520
32521
32523
32530
32534
32540
32541
32597
32604
32656
32664
32687
32690
32699
32705
32707
32740
32759
32766
32772
32782
32790
32805
32807
32818
32828
32832
32834
32854
32861
32878
32883
32886
32924
32930
32948
32952
32956
32960
32994
32995
32999
33015
33043
33070
33080
33081
33091
33099
33100
33102
33104
33135
33146
33151
33160
33161
33162
33181
33192
33203
33229
33253
33255
33261
33265
33266
33270
33274
33289
33291
33309
33311
33322
33323
33349
33362
33376
33379
33380
33381
33395
33416
33418
33424
33443
33445
33448
33452
33453
33487
33514
33520
33522
33547
33556
33560
33562
33577
33589
33592
33611
33612
33627
33632
33650
33663
33665
33669
33674
33678
33680
33694
33725
33737
33738
33740
33741
33768
33773
33796
33797
33821
33852
33854
33864
33887
33892
33895
33897
33919
33939
33940
33964
33977
33979
33985
34000
34008
34009
34019
34022
34025
34034
34043
34067
34076
34087
34093
34098
34105
34109
34111
34135
34138
34139
34154
34160
34175
34187
34208
34223
34237
34244
34263
34273
34275
34293
34298
34302
34307
34312
34319
34328
34331
34339
34346
34365
34381
34387
34402
34416
34432
34434
34441
34450
34470
34487
34497
34501
34513
34515
34519
34521
34557
34580
34601
34603
34632
34634
34669
34682
34683
34686
34705
34722
34724
34749
34751
34752
34777
34785
34801
34806
34815
34841
34850
34855
34874
34875
34878
34887
34895
34921
34928
34933
34943
34945
34955
34966
34980
34986
34996
35013
35015
35024
35027
35098
35115
35116
35122
35139
35144
35150
35183
35185
35208
35229
35232
35234
35236
35246
35267
35280
35287
35291
35294
35295
35299
35318
35319
35324
35328
35334
35343
35345
35359
35361
35380
35393
35395
35398
35400
35405
35419
35433
35444
35446
35449
35458
35469
35493
35525
35528
35529
35531
35537
35542
35550
35587
35590
35604
35605
35608
35612
35617
35631
35633
35637
35646
35648
35650
35665
35677
35689
35692
35704
35705
35715
35733
35752
35759
35781
35832
35835
35845
35863
35877
35885
35886
35896
35911
35912
35915
35924
35928
35951
35959
35966
35972
35976
35990
36034
36037
36056
36059
36062
36089
36096
36099
36103
36104
36108
36109
36114
36116
36138
36153
36163
36168
36170
36177
36178
36181
36192
36196
36212
36226
36233
36234
36248
36251
36260
36263
36264
36297
36302
36315
36324
36327
36354
36358
36362
36364
36368
36375
36389
36415
36419
36420
36425
36430
36433
36444
36450
36453
36465
36469
36487
36492
36496
36506
36510
36514
36520
36522
36537
36557
36574
36579
36611
36634
36645
36650
36655
36664
36677
36680
36681
36687
36689
36695
36698
36700
36702
36725
36728
36742
36743
36748
36753
36764
36777
36779
36789
36800
36805
36806
36811
36831
36847
36858
36866
36881
36896
36904
36905
36908
36921
36936
36939
36944
36950
36961
36962
37005
37013
37017
37018
37048
37063
37072
37076
37090
37105
37108
37132
37133
37144
37153
37157
37186
37196
37207
37212
37222
37231
37240
37244
37245
37246
37267
37273
37275
37277
37281
37286
37299
37308
37309
37310
37322
37328
37330
37335
37338
37374
37380
37391
37401
37407
37412
37442
37447
37478
37484
37489
37493
37494
37507
37524
37532
37538
37542
37545
37555
37563
37574
37582
37583
37599
37601
37618
37620
37629
37634
37666
37673
37682
37693
37704
37714
37718
37720
37726
37753
37766
37771
37786
37798
37896
37902
37905
37907
37918
37924
37928
37947
37951
37958
37965
37971
37975
37983
38024
38029
38032
38039
38044
38054
38060
38062
38074
38091
38100
38103
38114
38116
38140
38141
38147
38157
38185
38190
38198
38205
38218
38221
38228
38231
38235
38240
38242
38270
38278
38293
38294
38296
38297
38298
38300
38316
38322
38337
38355
38358
38360
38370
38382
38397
38400
38403
38411
38418
38464
38466
38468
38480
38482
38494
38517
38524
38534
38568
38577
38591
38592
38602
38615
38619
38633
38642
38654
38657
38680
38702
38705
38731
38732
38743
38764
38791
38796
38808
38814
38815
38816
38823
38835
38843
38846
38851
38854
38856
38880
38896
38905
38917
38920
38927
38933
38953
38961
38991
38995
39001
39002
39006
39008
39029
39035
39036
39038
39039
39104
39107
39113
39116
39132
39150
39166
39176
39179
39203
39204
39206
39210
39222
39233
39239
39243
39246
39257
39260
39264
39268
39280
39281
39340
39359
39387
39390
39420
39481
39494
39505
39511
39518
39523
39525
39526
39532
39568
39590
39613
39621
39634
39637
39640
39654
39669
39695
39698
39700
39701
39714
39725
39736
39740
39741
39747
39748
39764
39768
39778
39783
39786
39791
39792
39793
39801
39811
39835
39849
39853
39860
39861
39868
39888
39889
39894
39899
39900
39910
39933
39954
39957
39958
39961
39964
39984
40003
40004
40008
40024
40026
40041
40047
40067
40071
40076
40084
40089
40100
40110
40113
40122
40123
40128
40131
40157
40166
40170
40173
40181
40186
40217
40228
40232
40234
40239
40246
40257
40267
40270
40275
40293
40305
40310
40317
40338
40357
40366
40367
40373
40392
40402
40413
40420
40443
40444
40458
40462
40463
40469
40476
40477
40488
40490
40492
40495
40499
40523
40548
40564
40571
40587
40592
40598
40606
40618
40628
40640
40682
40683
40694
40705
40708
40715
40718
40756
40778
40796
40797
40799
40803
40813
40838
40859
40871
40875
40879
40883
40888
40928
40946
40955
40970
40977
40979
40990
40992
41006
41018
41022
41031
41032
41056
41086
41092
41115
41116
41125
41131
41133
41137
41140
41149
41161
41185
41186
41212
41215
41219
41236
41237
41279
41280
41308
41313
41346
41353
41362
41390
41397
41408
41415
41418
41439
41448
41453
41457
41460
41474
41484
41486
41498
41499
41503
41507
41513
41516
41526
41531
41544
41546
41548
41549
41555
41582
41594
41599
41602
41622
41646
41652
41663
41664
41669
41681
41691
41696
41697
41730
41734
41741
41764
41799
41801
41810
41811
41814
41842
41844
41846
41849
41857
41859
41860
41862
41866
41868
41870
41875
41881
41883
41884
41887
41891
41903
41905
41944
41972
41976
41977
41988
41996
41998
42005
42023
42046
42054
42068
42072
42095
42100
42101
42128
42141
42156
42175
42189
42198
42199
42201
42220
42231
42233
42234
42240
42264
42301
42315
42331
42353
42358
42360
42372
42380
42402
42416
42418
42425
42435
42437
42452
42453
42462
42473
42474
42483
42510
42513
42514
42521
42522
42523
42530
42541
42549
42562
42588
42595
42602
42633
42648
42650
42654
42675
42679
42681
42682
42685
42689
42693
42697
42715
42716
42732
42744
42750
42755
42766
42786
42796
42805
42806
42814
42832
42874
42887
42891
42904
42905
42906
42915
42941
42958
42975
42976
42977
42983
42993
43005
43014
43017
43023
43045
43049
43065
43070
43072
43077
43084
43098
43142
43168
43177
43178
43194
43197
43202
43225
43234
43239
43246
43251
43254
43259
43272
43277
43278
43279
43285
43292
43294
43301
43318
43320
43340
43341
43365
43366
43367
43383
43401
43425
43432
43441
43482
43487
43497
43502
43506
43521
43533
43547
43549
43551
43565
43568
43573
43576
43581
43588
43597
43600
43610
43628
43643
43644
43649
43658
43667
43726
43744
43758
43760
43768
43770
43776
43780
43785
43800
43803
43804
43809
43825
43826
43839
43850
43861
43869
43888
43895
43910
43921
43923
43926
43932
43933
43947
43954
43970
43997
44003
44015
44034
44056
44059
44066
44110
44111
44116
44125
44128
44180
44188
44196
44213
44228
44244
44255
44260
44265
44269
44280
44285
44287
44298
44299
44307
44310
44338
44347
44355
44363
44364
44372
44419
44464
44469
44470
44473
44474
44511
44553
44578
44597
44600
44602
44605
44609
44611
44613
44618
44625
44632
44642
44650
44664
44665
44671
44674
44707
44713
44725
44752
44765
44768
44777
44785
44802
44804
44813
44828
44832
44851
44855
44896
44924
44945
44957
44970
44982
44990
44995
45005
45014
45022
45029
45056
45069
45073
45080
45100
45106
45138
45139
45142
45157
45171
45184
45187
45199
45213
45222
45228
45240
45244
45252
45267
45271
45273
45277
45281
45303
45326
45330
45336
45337
45339
45364
45365
45378
45382
45385
45388
45389
45397
45408
45411
45414
45424
45441
45446
45463
45471
45482
45486
45488
45518
45525
45535
45536
45541
45542
45544
45553
45575
45580
45584
45618
45624
45636
45661
45675
45690
45697
45707
45712
45732
45741
45757
45758
45763
45766
45792
45795
45806
45822
45831
45843
45848
45852
45875
45877
45881
45884
45886
45888
45892
45910
45943
45946
45958
45970
45975
45985
45997
46014
46015
46024
46029
46043
46055
46068
46074
46090
46095
46129
46148
46172
46182
46185
46186
46236
46252
46263
46266
46267
46271
46291
46308
46325
46354
46360
46374
46392
46404
46433
46445
46454
46460
46476
46488
46527
46537
46542
46581
46588
46591
46609
46610
46620
46624
46625
46629
46646
46660
46662
46668
46670
46679
46685
46711
46715
46720
46751
46761
46768
46782
46784
46787
46789
46790
46791
46795
46796
46801
46813
46816
46823
46836
46840
46846
46847
46860
46861
46862
46865
46868
46869
46878
46888
46907
46912
46941
46943
46959
46960
46969
46976
46977
46983
46984
47006
47010
47031
47036
47042
47054
47100
47113
47118
47122
47142
47148
47150
47156
47195
47207
47212
47216
47233
47257
47266
47276
47280
47287
47295
47297
47298
47317
47321
47325
47326
47333
47350
47353
47355
47364
47369
47372
47375
47400
47411
47415
47447
47457
47461
47464
47467
47484
47490
47491
47495
47496
47502
47529
47549
47567
47568
47581
47585
47588
47590
47595
47601
47614
47624
47625
47653
47660
47689
47690
47691
47698
47719
47720
47724
47728
47729
47733
47748
47756
47770
47789
47790
47797
47802
47803
47811
47831
47841
47842
47845
47866
47872
47881
47906
47908
47927
47931
47940
47945
47951
47958
47987
47998
48014
48017
48044
48047
48050
48063
48074
48084
48090
48093
48096
48109
48130
48136
48146
48160
48170
48172
48180
48192
48211
48213
48216
48221
48229
48235
48261
48263
48266
48271
48276
48278
48285
48290
48292
48293
48301
48338
48340
48343
48349
48355
48356
48359
48363
48368
48371
48381
48385
48391
48393
48398
48403
48412
48447
48460
48464
48472
48477
48500
48514
48531
48543
48549
48562
48569
48571
48576
48587
48594
48607
48615
48623
48624
48625
48630
48653
48667
48670
48690
48692
48700
48703
48704
48711
48716
48722
48724
48731
48743
48749
48774
48776
48781
48795
48796
48803
48807
48816
48820
48838
48840
48844
48874
48875
48881
48892
48898
48913
48917
48925
48943
48970
48975
48978
48984
48988
48996
49019
49030
49039
49052
49077
49079
49094
49098
49111
49121
49127
49135
49163
49187
49193
49194
49202
49212
49236
49244
49252
49259
49263
49284
49296
49299
49302
49305
49313
49314
49317
49319
49339
49348
49351
49355
49364
49367
49369
49373
49398
49405
49418
49429
49433
49442
49447
49453
49469
49486
49520
49547
49566
49573
49587
49599
49600
49609
49610
49613
49625
49634
49640
49649
49662
49723
49731
49740
49744
49747
49748
49773
49780
49795
49798
49799
49809
49831
49838
49854
49861
49867
49870
49874
49879
49891
49893
49898
49907
49927
49937
49945
49948
49952
49971
49975
49991
49998
50008
50026
50037
50058
50082
50084
50085
50101
50106
50112
50119
50149
50153
50160
50215
50231
50246
50251
50253
50256
50280
50291
50295
50304
50306
50313
50317
50321
50329
50338
50341
50349
50382
50397
50402
50421
50428
50429
50443
50446
50456
50470
50472
50480
50483
50502
50513
50525
50532
50543
50556
50562
50572
50581
50598
50611
50619
50622
50631
50645
50649
50654
50659
50674
50689
50696
50697
50711
50713
50752
50783
50788
50795
50815
50822
50833
50842
50845
50852
50870
50889
50910
50920
50921
50936
50939
50942
50965
50985
50998
50999
51002
51005
51006
51008
51009
51016
51022
51065
51071
51084
51090
51106
51123
51131
51155
51170
51179
51187
51189
51190
51199
51205
51223
51227
51230
51242
51248
51253
51263
51264
51266
51281
51287
51289
51305
51308
51344
51356
51358
51360
51381
51388
51398
51399
51420
51424
51425
51427
51429
51434
51440
51445
51451
51461
51463
51527
51536
51578
51589
51600
51617
51628
51629
51641
51646
51647
51652
51666
51667
51670
51680
51693
51697
51699
51710
51723
51733
51746
51747
51757
51761
51769
51770
51779
51781
51785
51787
51789
51808
51816
51827
51831
51842
51847
51883
51887
51911
51940
51952
51956
51958
51973
51977
51985
51989
51991
51994
52016
52017
52018
52022
52027
52040
52050
52067
52075
52080
52084
52093
52106
52115
52116
52125
52129
52138
52148
52152
52163
52171
52192
52194
52199
52207
52214
52216
52218
52235
52245
52248
52265
52269
52270
52304
52310
52333
52347
52359
52365
52374
52386
52396
52435
52451
52465
52473
52477
52482
52488
52497
52526
52545
52549
52567
52576
52577
52587
52589
52601
52617
52622
52624
52658
52667
52677
52729
52736
52748
52756
52758
52766
52774
52783
52789
52793
52800
52801
52827
52832
52834
52840
52843
52846
52867
52868
52881
52882
52886
52891
52901
52905
52913
52916
52970
52975
52986
52992
53007
53012
53017
53039
53070
53091
53096
53111
53131
53137
53140
53146
53166
53202
53213
53225
53226
53227
53234
53248
53266
53279
53295
53297
53303
53323
53338
53344
53352
53354
53373
53381
53407
53421
53443
53449
53466
53474
53482
53484
53492
53501
53508
53511
53516
53531
53537
53545
53570
53573
53588
53596
53599
53621
53627
53629
53632
53635
53662
53663
53669
53688
53696
53712
53714
53716
53724
53748
53765
53770
53778
53794
53797
53799
53802
53825
53834
53877
53883
53887
53900
53918
53933
53934
53946
53956
53957
53967
53969
53972
53973
53981
53986
53988
53990
53991
54019
54024
54033
54048
54050
54053
54054
54075
54118
54137
54144
54146
54165
54173
54176
54195
54198
54202
54205
54248
54250
54258
54259
54263
54286
54290
54292
54295
54297
54302
54303
54331
54339
54344
54356
54357
54359
54360
54369
54375
54383
54388
54395
54430
54431
54434
54439
54445
54452
54467
54471
54475
54485
54487
54515
54518
54534
54553
54568
54587
54589
54597
54604
54616
54625
54631
54644
54661
54664
54670
54673
54684
54696
54701
54717
54741
54746
54763
54779
54789
54797
54818
54828
54844
54859
54862
54888
54898
54909
54916
54927
54953
54971
54972
54978
54991
54994
55005
55014
55020
55031
55056
55080
55083
55124
55137
55145
55149
55168
55181
55182
55202
55206
55207
55211
55212
55219
55223
55247
55267
55273
55280
55301
55307
55311
55336
55337
55342
55344
55358
55363
55375
55398
55417
55426
55434
55453
55470
55484
55485
55500
55507
55513
55540
55551
55558
55562
55566
55575
55585
55588
55589
55592
55594
55597
55633
55645
55648
55660
55667
55669
55684
55694
55697
55704
55730
55748
55755
55767
55774
55809
55810
55820
55837
55840
55845
55894
55899
55902
55911
55919
55934
55967
55969
55977
55995
56035
56038
56066
56072
56073
56077
56081
56098
56106
56128
56144
56162
56169
56213
56215
56233
56256
56259
56298
56300
56312
56314
56332
56334
56336
56347
56352
56359
56379
56388
56400
56405
56410
56417
56472
56473
56482
56483
56486
56495
56496
56500
56504
56520
56527
56574
56586
56588
56595
56600
56605
56612
56619
56628
56634
56642
56656
56663
56666
56669
56683
56687
56689
56690
56694
56712
56719
56720
56737
56767
56770
56774
56777
56784
56803
56806
56815
56823
56829
56832
56851
56854
56877
56886
56898
56907
56912
56926
56929
56931
56940
56944
56948
56967
56976
56984
56992
57001
57015
57035
57036
57049
57050
57068
57086
57118
57131
57137
57154
57163
57174
57181
57185
57188
57206
57230
57235
57237
57250
57255
57280
57281
57282
57290
57310
57312
57322
57329
57330
57340
57384
57390
57392
57408
57422
57423
57474
57481
57490
57514
57543
57548
57554
57558
57559
57570
57581
57599
57644
57649
57652
57654
57673
57675
57690
57703
57706
57730
57742
57752
57761
57774
57788
57794
57815
57826
57832
57840
57842
57867
57871
57874
57886
57888
57893
57904
57912
57938
57943
57944
57963
57970
57983
57985
58000
58009
58011
58013
58026
58060
58073
58078
58086
58098
58126
58129
58131
58138
58156
58159
58165
58169
58170
58174
58187
58213
58218
58246
58253
58255
58265
58272
58275
58299
58310
58312
58313
58332
58345
58366
58379
58380
58383
58393
58399
58407
58410
58412
58415
58425
58428
58467
58488
58511
58513
58514
58527
58536
58560
58562
58588
58594
58597
58630
58635
58638
58644
58652
58660
58673
58691
58700
58713
58726
58747
58777
58794
58820
58830
58833
58836
58862
58865
58870
58882
58893
58900
58909
58940
58947
58957
58962
58978
59013
59015
59030
59035
59069
59088
59102
59109
59111
59120
59123
59132
59148
59158
59189
59202
59214
59234
59244
59260
59266
59273
59279
59290
59320
59325
59347
59356
59376
59405
59450
59495
59501
59506
59530
59539
59544
59555
59568
59572
59585
59598
59599
59614
59619
59646
59669
59720
59724
59736
59739
59750
59752
59762
59766
59791
59792
59794
59803
59824
59827
59835
59849
59860
59866
59886
59895
59905
59917
59928
59938
59942
59966
59967
59973
59985
60002
60005
60008
60012
60014
60024
60039
60053
60054
60056
60059
60060
60063
60066
60073
60092
60093
60102
60112
60127
60137
60152
60161
60172
60181
60186
60187
60190
60201
60208
60212
60235
60236
60240
60243
60256
60272
60273
60299
60305
60320
60322
60324
60340
60348
60359
60365
60367
60376
60389
60392
60409
60411
60420
60434
60444
60448
60450
60451
60453
60464
60469
60474
60475
60485
60487
60512
60540
60544
60554
60567
60570
60571
60581
60586
60610
60616
60618
60633
60649
60650
60653
60679
60686
60695
60700
60711
60738
60751
60770
60774
60786
60795
60798
60810
60820
60830
60869
60903
60922
60933
60949
60952
60955
60958
60971
60991
60992
61016
61018
61019
61021
61028
61038
61056
61060
61064
61066
61072
61083
61092
61095
61096
61106
61111
61115
61141
61147
61151
61182
61184
61193
61216
61234
61262
61267
61278
61280
61283
61292
61297
61301
61313
61319
61333
61341
61344
61348
61365
61367
61381
61400
61414
61416
61442
61446
61478
61489
61493
61499
61531
61542
61562
61575
61588
61601
61618
61622
61627
61633
61634
61646
61647
61657
61673
61678
61712
61713
61724
61727
61738
61751
61771
61777
61781
61799
61802
61811
61824
61828
61839
61849
61865
61872
61882
61891
61892
61894
61906
61908
61911
61917
61920
61967
61971
61973
61981
62010
62016
62040
62055
62067
62082
62093
62095
62108
62110
62128
62133
62139
62153
62164
62165
62179
62182
62183
62197
62204
62210
62212
62216
62234
62262
62275
62277
62280
62282
62290
62292
62303
62308
62310
62315
62319
62327
62335
62339
62341
62344
62364
62381
62389
62390
62391
62419
62427
62436
62444
62447
62456
62468
62472
62477
62479
62486
62503
62514
62515
62522
62527
62531
62548
62577
62585
62586
62595
62598
62606
62611
62616
62618
62634
62641
62654
62656
62660
62695
62714
62761
62786
62824
62829
62841
62843
62870
62873
62879
62899
62924
62938
62943
62946
62950
62953
62958
62968
62995
63052
63054
63057
63059
63068
63073
63075
63077
63086
63096
63106
63108
63117
63121
63122
63131
63134
63140
63145
63149
63161
63172
63173
63228
63278
63284
63301
63309
63339
63343
63345
63383
63385
63388
63392
63395
63398
63399
63418
63422
63426
63458
63473
63474
63497
63509
63516
63526
63531
63537
63541
63546
63548
63551
63557
63558
63562
63563
63575
63577
63586
63592
63602
63613
63615
63619
63621
63625
63641
63643
63645
63676
63697
63701
63723
63726
63727
63733
63741
63743
63748
63785
63793
63803
63818
63829
63833
63839
63840
63854
63855
63856
63858
63859
63871
63884
63888
63893
63916
63924
63933
63947
63960
63963
63970
63978
63987
63989
63994
64025
64031
64032
64036
64048
64050
64057
64085
64087
64097
64099
64105
64106
64116
64142
64146
64148
64176
64191
64203
64229
64256
64258
64261
64266
64282
64308
64315
64347
64348
64355
64375
64381
64388
64396
64404
64407
64412
64426
64434
64442
64447
64459
64466
64471
64485
64489
64498
64502
64519
64529
64535
64548
64561
64570
64574
64576
64577
64581
64594
64630
64635
64642
64649
64656
64660
64673
64719
64725
64731
64756
64759
64766
64771
64774
64775
64787
64799
64804
64819
64836
64846
64847
64854
64868
64870
64941
64974
64976
64982
65001
65004
65021
65033
65043
65054
65055
65071
65074
65083
65086
65101
65110
65118
65122
65171
65172
65176
65179
65186
65188
65201
65207
65217
65222
65227
65232
65236
65240
65263
65272
65285
65286
65291
65302
65309
65333
65345
65349
65350
65355
65365
65374
65380
65388
65396
65397
65401
65409
65434
65436
65455
65476
65477
65496
65499
65500
65503
65514
65528
65534
65542
65558
65559
65560
65561
65568
65570
65636
65639
65640
65656
65659
65663
65671
65675
65684
65690
65693
65702
65718
65724
65728
65748
65749
65766
65773
65784
65795
65798
65806
65808
65811
65814
65819
65823
65830
65869
65870
65881
65888
65908
65911
65913
65948
65981
65983
65993
66012
66014
66055
66069
66070
66077
66089
66095
66104
66112
66145
66148
66150
66151
66155
66187
66205
66215
66216
66217
66220
66241
66255
66256
66258
66280
66282
66287
66288
66290
66291
66303
66305
66310
66317
66325
66332
66352
66353
66368
66371
66384
66404
66413
66429
66438
66464
66483
66512
66513
66519
66520
66525
66534
66549
66562
66565
66567
66571
66574
66583
66588
66592
66602
66610
66613
66635
66643
66645
66653
66656
66662
66692
66695
66697
66713
66722
66727
66735
66756
66784
66800
66811
66835
66861
66862
66866
66875
66881
66885
66887
66892
66897
66903
66904
66905
66913
66917
66968
66972
66977
67002
67003
67037
67045
67056
67067
67083
67100
67106
67116
67132
67146
67176
67182
67183
67195
67211
67223
67244
67251
67252
67260
67261
67275
67288
67298
67308
67316
67317
67319
67324
67329
67343
67353
67359
67391
67393
67403
67408
67411
67413
67417
67426
67431
67432
67435
67438
67439
67444
67457
67464
67470
67478
67480
67489
67521
67556
67567
67582
67606
67609
67611
67629
67631
67632
67634
67649
67650
67655
67662
67689
67690
67694
67695
67699
67700
67709
67716
67717
67722
67740
67742
67753
67757
67761
67792
67807
67817
67819
67825
67828
67832
67838
67850
67858
67881
67884
67904
67931
67932
67938
67958
67989
67991
68002
68004
68007
68024
68025
68027
68032
68038
68042
68047
68075
68079
68085
68092
68102
68120
68125
68135
68136
68143
68146
68154
68161
68165
68169
68202
68205
68208
68218
68227
68229
68250
68264
68288
68294
68296
68299
68337
68338
68348
68349
68387
68400
68404
68417
68427
68442
68452
68463
68468
68472
68485
68488
68502
68503
68520
68523
68527
68547
68548
68556
68564
68578
68588
68601
68604
68606
68608
68627
68636
68639
68640
68642
68647
68650
68657
68667
68669
68691
68704
68712
68714
68716
68732
68738
68754
68771
68801
68806
68810
68827
68848
68852
68861
68873
68879
68883
68887
68892
68896
68905
68938
68940
68942
68947
68952
68962
68977
68978
69010
69011
69025
69027
69032
69038
69043
69049
69051
69066
69082
69092
69112
69122
69123
69148
69153
69179
69201
69214
69217
69230
69234
69254
69265
69277
69281
69297
69311
69312
69354
69360
69362
69377
69391
69394
69397
69404
69417
69419
69421
69444
69447
69448
69456
69464
69466
69473
69502
69516
69519
69526
69531
69563
69568
69576
69592
69593
69610
69612
69618
69627
69628
69681
69685
69705
69727
69728
69732
69739
69750
69756
69762
69769
69770
69778
69789
69799
69807
69811
69834
69848
69849
69851
69856
69865
69867
69870
69871
69878
69886
69898
69914
69917
69946
69963
69964
69970
69975
69992
69995
70012
70020
70032
70049
70062
70069
70071
70075
70089
70090
70109
70123
70125
70133
70148
70160
70180
70181
70207
70208
70220
70225
70227
70230
70236
70279
70293
70301
70333
70344
70356
70364
70376
70382
70388
70392
70415
70417
70418
70420
70424
70430
70445
70448
70480
70502
70509
70537
70540
70556
70559
70563
70570
70577
70585
70599
70610
70618
70625
70632
70642
70648
70650
70659
70661
70662
70669
70684
70689
70721
70726
70737
70748
70756
70763
70767
70769
70772
70779
70780
70798
70812
70838
70841
70848
70849
70857
70872
70873
70889
70893
70901
70927
70934
70936
70940
70941
70966
70973
71026
71031
71052
71079
71095
71103
71104
71134
71143
71145
71155
71158
71179
71186
71199
71236
71250
71252
71276
71282
71284
71285
71290
71293
71308
71315
71319
71329
71334
71341
71348
71364
71382
71386
71401
71415
71424
71427
71438
71440
71441
71461
71465
71466
71478
71493
71501
71512
71542
71545
71561
71571
71577
71606
71616
71617
71618
71636
71643
71645
71646
71652
71668
71669
71694
71710
71711
71723
71728
71737
71745
71749
71772
71777
71784
71794
71799
71802
71813
71823
71827
71830
71840
71843
71845
71852
71866
71868
71884
71885
71914
71928
71987
71995
72014
72016
72024
72036
72048
72070
72081
72083
72099
72100
72155
72158
72159
72172
72182
72193
72198
72199
72211
72226
72250
72258
72266
72268
72282
72290
72294
72307
72321
72346
72349
72366
72386
72391
72395
72411
72416
72423
72431
72433
72443
72449
72459
72468
72474
72483
72486
72498
72501
72507
72508
72523
72531
72543
72557
72560
72566
72567
72576
72589
72594
72601
72602
72606
72609
72613
72624
72641
72642
72646
72648
72662
72667
72669
72675
72677
72691
72712
72717
72719
72726
72730
72740
72750
72769
72772
72778
72788
72793
72798
72810
72827
72832
72834
72835
72844
72848
72865
72867
72873
72886
72893
72903
72907
72917
72931
72933
72968
72976
72977
72987
73000
73008
73016
73020
73026
73028
73042
73044
73054
73058
73060
73062
73064
73080
73081
73084
73085
73086
73088
73094
73098
73114
73128
73147
73153
73166
73196
73200
73203
73208
73232
73246
73257
73261
73271
73275
73278
73301
73320
73327
73328
73338
73349
73351
73372
73377
73390
73408
73412
73417
73420
73421
73432
73435
73447
73456
73459
73475
73479
73494
73495
73511
73512
73513
73531
73537
73547
73550
73571
73599
73602
73633
73655
73657
73662
73698
73739
73768
73775
73788
73789
73805
73809
73816
73818
73827
73828
73833
73856
73859
73860
73862
73865
73866
73878
73881
73887
73896
73898
73899
73900
73924
73926
73929
73935
73950
73952
73980
73981
73982
73988
73998
73999
74013
74015
74026
74029
74039
74046
74052
74058
74066
74073
74074
74076
74079
74092
74100
74118
74122
74124
74147
74154
74171
74193
74199
74202
74210
74233
74246
74255
74269
74271
74277
74278
74307
74315
74316
74319
74343
74345
74348
74364
74371
74395
74396
74397
74402
74420
74430
74431
74435
74440
74453
74464
74469
74472
74478
74500
74508
74517
74519
74527
74544
74559
74570
74589
74591
74601
74609
74612
74627
74628
74659
74667
74677
74686
74708
74711
74714
74720
74755
74757
74761
74783
74797
74803
74804
74812
74814
74817
74818
74835
74843
74849
74850
74855
74858
74866
74867
74875
74891
74894
74898
74905
74936
74937
74945
74948
74962
74963
74966
74977
74981
74982
74983
74999
75006
75019
75023
75034
75035
75044
75046
75048
75051
75058
75059
75083
75089
75092
75110
75116
75130
75156
75171
75179
75184
75195
75219
75223
75231
75257
75266
75302
75305
75306
75309
75310
75314
75317
75330
75336
75369
75370
75372
75377
75394
75436
75455
75465
75466
75499
75504
75510
75536
75546
75549
75556
75565
75584
75588
75603
75609
75626
75634
75642
75657
75660
75667
75672
75697
75701
75703
75709
75721
75731
75732
75739
75749
75762
75785
75795
75816
75819
75822
75831
75845
75849
75853
75855
75856
75875
75877
75882
75893
75895
75899
75900
75910
75924
75936
75945
75961
75970
75971
75991
75996
75998
76002
76015
76030
76048
76051
76054
76055
76062
76064
76065
76079
76095
76109
76124
76133
76155
76156
76176
76177
76192
76195
76196
76211
76250
76260
76277
76281
76289
76290
76293
76301
76304
76314
76329
76333
76345
76348
76349
76352
76354
76362
76363
76367
76388
76396
76401
76405
76417
76448
76451
76457
76472
76477
76481
76484
76492
76506
76519
76530
76534
76543
76550
76554
76569
76589
76593
76635
76641
76648
76653
76656
76663
76690
76691
76704
76750
76766
76768
76771
76778
76784
76799
76800
76824
76838
76846
76848
76862
76865
76868
76870
76876
76891
76893
76898
76925
76929
76944
76961
76965
76974
76976
76992
76995
77005
77016
77070
77105
77113
77116
77129
77147
77151
77159
77164
77170
77171
77175
77182
77191
77203
77231
77237
77242
77251
77253
77257
77263
77272
77274
77300
77305
77317
77333
77384
77388
77412
77431
77437
77464
77488
77495
77503
77510
77522
77528
77534
77535
77536
77544
77547
77554
77574
77623
77650
77666
77672
77679
77684
77685
77711
77714
77733
77751
77766
77767
77794
77799
77804
77805
77806
77809
77815
77827
77831
77833
77834
77839
77850
77855
77858
77865
77879
77893
77899
77904
77906
77916
77935
77942
77947
77951
77953
77954
77962
77964
77991
78021
78023
78049
78052
78061
78064
78085
78094
78096
78109
78114
78131
78159
78162
78165
78179
78182
78198
78204
78206
78218
78236
78259
78286
78294
78301
78304
78315
78340
78359
78382
78385
78395
78404
78429
78430
78432
78442
78464
78469
78477
78509
78516
78522
78529
78538
78541
78548
78552
78567
78588
78601
78612
78620
78623
78627
78652
78664
78676
78716
78726
78736
78748
78757
78761
78763
78764
78767
78787
78800
78802
78804
78809
78811
78816
78827
78830
78839
78856
78872
78879
78891
78902
78952
78964
78968
78976
78977
78984
78991
79014
79028
79040
79046
79059
79076
79077
79086
79092
79094
79096
79115
79118
79119
79134
79145
79160
79175
79202
79205
79208
79238
79316
79323
79340
79350
79377
79412
79416
79417
79419
79425
79440
79452
79455
79456
79471
79477
79486
79499
79505
79509
79510
79512
79516
79525
79528
79564
79574
79598
79610
79615
79625
79632
79633
79651
79678
79683
79689
79693
79700
79738
79739
79741
79742
79744
79750
79751
79757
79782
79785
79795
79802
79803
79804
79806
79834
79838
79846
79859
79861
79871
79878
79882
79891
79911
79929
79940
79961
79962
79965
79967
79970
79975
79988
80007
80021
80022
80034
80080
80090
80098
80101
80105
80111
80115
80135
80147
80151
80161
80178
80188
80202
80203
80204
80235
80258
80259
80263
80289
80291
80307
80315
80325
80327
80328
80334
80363
80368
80370
80404
80407
80413
80437
80450
80458
80466
80478
80492
80498
80505
80509
80511
80558
80586
80587
80595
80596
80602
80613
80617
80624
80630
80642
80648
80650
80655
80670
80671
80679
80697
80699
80700
80754
80756
80765
80785
80788
80793
80817
80823
80825
80849
80859
80889
80926
80949
80957
80963
80969
80974
80976
80991
80994
80999
81002
81011
81031
81037
81041
81059
81060
81061
81071
81074
81077
81083
81102
81113
81120
81145
81167
81173
81174
81177
81187
81191
81194
81215
81218
81235
81269
81281
81297
81301
81308
81317
81333
81334
81346
81351
81353
81381
81387
81407
81412
81435
81441
81455
81457
81466
81483
81485
81489
81491
81495
81504
81505
81512
81536
81553
81564
81574
81601
81609
81618
81620
81623
81624
81626
81629
81631
81654
81655
81663
81665
81698
81703
81704
81710
81722
81728
81729
81743
81759
81783
81801
81802
81820
81824
81833
81835
81841
81842
81867
81876
81883
81887
81889
81900
81931
81943
81980
81992
82014
82027
82030
82038
82043
82049
82070
82076
82080
82096
82121
82130
82137
82140
82161
82164
82173
82189
82190
82193
82198
82236
82258
82267
82299
82302
82309
82328
82335
82338
82351
82358
82359
82367
82372
82376
82380
82389
82404
82410
82411
82440
82450
82476
82495
82509
82514
82516
82528
82536
82549
82551
82567
82586
82592
82612
82619
82620
82634
82637
82639
82666
82670
82685
82692
82693
82709
82717
82725
82737
82746
82750
82790
82802
82813
82817
82818
82861
82865
82896
82902
82927
82929
82938
82950
82953
82958
82959
82961
82964
82980
82990
82996
82997
83034
83053
83059
83069
83093
83101
83116
83118
83147
83153
83170
83174
83212
83213
83222
83232
83251
83254
83273
83280
83303
83307
83318
83331
83334
83343
83344
83358
83361
83365
83380
83381
83389
83391
83393
83413
83417
83423
83427
83440
83467
83496
83503
83517
83527
83536
83544
83558
83562
83577
83584
83592
83596
83611
83626
83630
83635
83637
83652
83659
83664
83675
83683
83687
83690
83694
83698
83707
83710
83714
83716
83717
83718
83733
83742
83746
83749
83753
83768
83780
83790
83794
83800
83807
83814
83819
83824
83839
83851
83860
83864
83866
83867
83870
83871
83887
83890
83891
83903
83906
83924
83931
83935
83960
83974
83981
83993
84003
84006
84019
84028
84036
84039
84053
84059
84063
84082
84085
84107
84110
84118
84119
84130
84131
84141
84149
84151
84166
84187
84194
84200
84204
84227
84238
84241
84252
84270
84273
84276
84302
84327
84332
84344
84348
84351
84353
84357
84392
84396
84403
84413
84416
84464
84475
84504
84523
84540
84546
84553
84562
84570
84573
84576
84594
84610
84625
84658
84661
84662
84668
84703
84704
84712
84715
84736
84737
84743
84770
84782
84791
84792
84799
84802
84808
84831
84847
84850
84858
84887
84894
84896
84903
84912
84915
84922
84931
84936
84944
84945
84957
84970
84972
85001
85006
85012
85021
85040
85063
85076
85106
85123
85128
85140
85148
85158
85159
85165
85174
85188
85202
85205
85233
85245
85248
85274
85313
85323
85324
85328
85332
85371
85375
85380
85387
85396
85401
85404
85417
85430
85434
85438
85460
85487
85489
85494
85495
85500
85506
85508
85525
85534
85540
85549
85552
85565
85579
85580
85592
85597
85605
85617
85624
85625
85633
85634
85635
85641
85655
85693
85697
85715
85728
85754
85776
85790
85799
85805
85811
85820
85827
85830
85856
85869
85885
85896
85899
85916
85920
85928
85932
85941
85952
85996
85999
86001
86030
86031
86040
86050
86052
86065
86072
86082
86097
86100
86103
86119
86120
86127
86154
86161
86200
86201
86214
86226
86242
86244
86251
86259
86272
86273
86276
86277
86287
86289
86326
86331
86337
86345
86353
86356
86359
86373
86377
86413
86435
86437
86441
86446
86460
86461
86479
86481
86482
86495
86497
86518
86524
86542
86550
86551
86552
86555
86566
86578
86579
86585
86589
86645
86646
86661
86665
86678
86687
86715
86717
86728
86731
86736
86742
86748
86764
86773
86777
86798
86806
86830
86849
86854
86871
86873
86881
86884
86886
86891
86893
86895
86907
86908
86918
86919
86923
86926
86929
86932
86935
86943
86952
86955
86964
86973
86987
86998
87006
87015
87036
87046
87054
87057
87059
87064
87065
87069
87084
87086
87097
87110
87121
87122
87123
87127
87133
87142
87146
87149
87153
87171
87195
87212
87216
87220
87234
87253
87258
87266
87275
87280
87290
87302
87305
87324
87334
87346
87354
87356
87359
87360
87375
87383
87386
87387
87396
87398
87435
87464
87465
87469
87471
87474
87490
87527
87534
87536
87550
87551
87554
87567
87569
87581
87586
87648
87664
87680
87681
87691
87705
87740
87760
87770
87777
87779
87784
87792
87796
87802
87805
87819
87823
87852
87859
87860
87862
87869
87890
87910
87918
87924
87930
87933
87938
87942
87951
87953
87995
88015
88018
88044
88051
88056
88057
88066
88085
88086
88087
88106
88123
88143
88147
88152
88190
88196
88206
88214
88215
88233
88249
88256
88258
88267
88276
88293
88303
88311
88320
88329
88344
88350
88366
88367
88387
88388
88403
88428
88442
88448
88452
88457
88484
88488
88499
88518
88519
88529
88584
88588
88597
88607
88619
88630
88648
88656
88664
88673
88693
88705
88708
88716
88718
88729
88739
88742
88743
88748
88773
88775
88779
88780
88810
88840
88866
88868
88898
88901
88908
88925
88932
88936
88938
88943
88956
88962
88980
88995
89011
89022
89028
89032
89034
89036
89037
89042
89046
89047
89055
89058
89060
89061
89063
89083
89089
89100
89110
89111
89116
89119
89125
89127
89139
89146
89147
89162
89166
89172
89179
89183
89190
89221
89222
89241
89268
89271
89281
89299
89323
89341
89342
89378
89383
89403
89404
89416
89429
89466
89483
89484
89485
89491
89503
89505
89508
89511
89520
89533
89550
89553
89556
89592
89643
89645
89647
89669
89670
89675
89695
89739
89746
89755
89766
89774
89775
89779
89792
89799
89805
89826
89832
89846
89861
89865
89873
89895
89921
89936
89950
89963
89970
89973
89983
90034
90037
90054
90060
90069
90072
90075
90076
90086
90103
90143
90148
90163
90171
90177
90199
90202
90208
90224
90230
90240
90248
90251
90253
90287
90309
90310
90356
90375
90382
90411
90416
90424
90429
90430
90431
90432
90437
90457
90473
90479
90490
90506
90534
90536
90539
90542
90564
90577
90580
90584
90589
90600
90612
90619
90623
90635
90639
90651
90671
90691
90692
90701
90708
90710
90715
90724
90727
90752
90755
90792
90796
90803
90806
90840
90841
90843
90868
90871
90885
90927
90938
90942
90950
90956
90978
90985
90996
91001
91017
91029
91041
91048
91058
91063
91080
91096
91100
91102
91103
91111
91113
91124
91130
91138
91139
91155
91158
91159
91163
91164
91173
91206
91210
91215
91220
91221
91225
91237
91245
91260
91261
91266
91268
91282
91283
91290
91295
91308
91329
91332
91340
91349
91350
91356
91366
91388
91389
91391
91394
91403
91405
91411
91427
91445
91452
91463
91481
91484
91485
91493
91503
91510
91525
91538
91552
91569
91570
91571
91602
91618
91631
91638
91640
91651
91664
91686
91687
91703
91705
91710
91718
91723
91732
91747
91762
91774
91778
91781
91787
91804
91806
91811
91818
91820
91824
91836
91842
91857
91861
91863
91873
91877
91888
91889
91891
91916
91927
91940
91960
91975
91992
92009
92010
92031
92037
92040
92056
92070
92072
92077
92083
92086
92108
92125
92130
92149
92159
92161
92165
92174
92175
92176
92186
92205
92207
92223
92245
92277
92278
92287
92301
92312
92315
92349
92361
92377
92383
92386
92391
92394
92398
92427
92432
92438
92439
92457
92466
92472
92482
92484
92486
92493
92494
92506
92510
92524
92533
92537
92540
92544
92582
92588
92609
92612
92618
92626
92631
92652
92660
92678
92682
92683
92684
92691
92705
92707
92714
92716
92728
92739
92744
92754
92759
92767
92776
92785
92789
92800
92814
92816
92840
92843
92855
92859
92862
92863
92869
92879
92890
92891
92896
92899
92900
92906
92927
92934
92955
92958
92966
92989
92995
93004
93010
93013
93022
93026
93028
93039
93054
93064
93082
93097
93105
93112
93116
93125
93134
93139
93142
93143
93145
93164
93177
93179
93187
93198
93201
93208
93210
93212
93222
93230
93232
93238
93246
93265
93268
93280
93294
93303
93319
93324
93349
93353
93368
93372
93387
93401
93409
93416
93419
93429
93438
93443
93449
93451
93461
93465
93483
93506
93507
93534
93548
93573
93576
93580
93598
93641
93646
93675
93684
93688
93689
93692
93713
93721
93722
93725
93727
93729
93754
93756
93757
93789
93804
93809
93823
93824
93830
93838
93845
93865
93871
93900
93908
93973
93987
94006
94013
94021
94025
94031
94051
94052
94056
94062
94065
94082
94091
94096
94113
94133
94137
94146
94152
94154
94159
94168
94184
94191
94201
94210
94216
94217
94223
94224
94236
94250
94257
94266
94271
94307
94308
94316
94330
94335
94337
94341
94344
94351
94352
94381
94390
94405
94414
94440
94448
94451
94457
94460
94469
94487
94494
94516
94522
94539
94566
94568
94573
94584
94598
94600
94604
94606
94613
94614
94617
94636
94641
94649
94655
94656
94669
94672
94684
94685
94691
94701
94705
94722
94744
94745
94749
94759
94772
94782
94788
94802
94828
94829
94832
94833
94844
94857
94865
94881
94912
94918
94922
94948
94952
94967
94978
94982
94987
94997
95041
95049
95052
95053
95075
95114
95118
95127
95128
95139
95143
95144
95164
95165
95231
95241
95249
95250
95278
95280
95281
95291
95299
95309
95336
95339
95359
95370
95377
95386
95392
95404
95425
95426
95449
95455
95465
95466
95468
95480
95485
95488
95513
95530
95543
95548
95559
95561
95568
95573
95575
95598
95602
95612
95621
95625
95629
95650
95651
95652
95669
95676
95683
95702
95713
95726
95728
95742
95754
95765
95779
95789
95816
95817
95822
95838
95839
95858
95886
95891
95902
95903
95907
95912
95919
95921
95933
95935
95951
95967
95982
96000
96001
96011
96021
96022
96025
96045
96052
96059
96069
96103
96107
96108
96129
96131
96133
96136
96147
96163
96166
96181
96197
96201
96210
96212
96215
96222
96225
96244
96247
96249
96252
96287
96290
96307
96308
96323
96325
96332
96334
96366
96368
96373
96377
96388
96409
96412
96428
96445
96446
96460
96471
96484
96486
96490
96504
96517
96518
96525
96542
96553
96558
96561
96572
96581
96590
96604
96608
96609
96617
96624
96626
96635
96649
96650
96662
96665
96678
96706
96707
96745
96755
96770
96772
96774
96784
96791
96792
96800
96803
96805
96806
96808
96818
96819
96830
96832
96846
96847
96862
96864
96875
96893
96895
96925
96934
96946
96989
96990
96994
97013
97037
97043
97058
97087
97101
97116
97127
97128
97143
97147
97148
97155
97163
97165
97166
97167
97180
97182
97191
97210
97213
97219
97227
97235
97238
97242
97251
97255
97268
97273
97274
97309
97311
97320
97336
97354
97361
97399
97409
97421
97429
97440
97459
97468
97478
97497
97498
97499
97506
97515
97520
97546
97571
97572
97574
97586
97590
97592
97596
97606
97632
97633
97636
97637
97645
97652
97658
97668
97669
97673
97678
97679
97685
97690
97693
97704
97706
97717
97722
97723
97726
97727
97751
97753
97758
97765
97779
97781
97789
97798
97801
97809
97810
97813
97817
97826
97829
97834
97845
97858
97872
97875
97889
97899
97900
97901
97913
97923
97940
97970
97975
97986
97987
97991
98020
98021
98035
98051
98073
98101
98117
98119
98123
98127
98139
98143
98144
98158
98169
98175
98181
98198
98205
98206
98210
98212
98221
98225
98226
98256
98258
98271
98290
98291
98293
98301
98314
98321
98327
98345
98351
98368
98372
98376
98390
98434
98435
98437
98455
98461
98475
98485
98499
98506
98514
98525
98526
98531
98538
98545
98550
98559
98561
98562
98599
98602
98632
98640
98646
98652
98653
98657
98673
98680
98704
98708
98724
98728
98745
98761
98765
98767
98772
98773
98777
98789
98799
98800
98814
98818
98835
98845
98853
98858
98872
98875
98878
98880
98882
98886
98887
98913
98926
98931
98940
98950
98953
98967
98969
98972
98974
99001
99034
99041
99075
99077
99102
99108
99114
99120
99129
99134
99153
99171
99187
99195
99203
99217
99218
99231
99232
99240
99282
99289
99293
99331
99334
99340
99345
99358
99362
99375
99388
99392
99416
99419
99431
99433
99438
99448
99457
99470
99471
99472
99491
99502
99503
99510
99511
99520
99543
99547
99568
99576
99580
99583
99595
99601
99616
99620
99627
99642
99650
99654
99674
99676
99682
99687
99712
99720
99721
99728
99747
99749
99758
99766
99782
99788
99803
99805
99830
99833
99855
99862
99868
99870
99871
99915
99927
99929
99935
99938
99960
99962
99964
99974
99979
100018
100029
100051
100067
100073
100077
100081
100083
100105
100112
100115
100121
100130
100132
100133
100140
100145
100157
100163
100177
100178
100186
100188
100224
100246
100248
100258
100267
100283
100291
100302
100303
100308
100319
100334
100339
100366
100401
100405
100423
100438
100449
100450
100480
100481
100489
100495
100498
100511
100517
100534
100536
100565
100580
100595
100623
100645
100662
100667
100677
100682
100683
100697
100706
100734
100775
100779
100783
100786
100790
100796
100829
100839
100844
100849
100855
100872
100880
100887
100888
100898
100906
100909
100910
100920
100935
100940
100961
100974
101000
101002
101011
101026
101032
101041
101044
101059
101077
101081
101114
101115
101124
101132
101146
101147
101163
101188
101190
101225
101242
101243
101245
101257
101284
101298
101305
101323
101330
101331
101358
101366
101367
101374
101386
101387
101396
101405
101406
101413
101422
101426
101429
101435
101437
101440
101458
101477
101497
101498
101502
101517
101523
101529
101536
101543
101552
101571
101584
101587
101595
101596
101600
101604
101605
101617
101627
101642
101658
101666
101672
101675
101696
101701
101706
101707
101718
101722
101758
101772
101777
101780
101793
101795
101796
101807
101811
101815
101817
101821
101828
101830
101854
101857
101875
101879
101888
101891
101899
101912
101923
101930
101933
101936
101941
101944
101951
101957
101962
101973
101974
101978
101985
101990
101995
102005
102012
102016
102017
102024
102044
102051
102058
102083
102086
102089
102092
102101
102103
102104
102106
102135
102156
102165
102183
102194
102206
102217
102218
102229
102241
102242
102248
102267
102295
102299
102312
102323
102329
102330
102331
102334
102363
102367
102370
102372
102381
102400
102408
102438
102465
102477
102484
102486
102490
102499
102503
102504
102519
102526
102535
102549
102555
102562
102564
102567
102583
102588
102608
102634
102657
102665
102671
102674
102676
102681
102686
102690
102695
102696
102704
102706
102760
102762
102763
102764
102769
102770
102796
102802
102804
102829
102850
102851
102876
102879
102889
102926
102939
102943
102946
102966
102980
102991
103001
103017
103027
103032
103040
103063
103068
103076
103094
103097
103138
103148
103151
103154
103160
103161
103165
103175
103176
103180
103184
103195
103202
103210
103219
103247
103271
103277
103282
103285
103298
103328
103338
103341
103354
103365
103375
103386
103406
103424
103432
103433
103465
103466
103477
103495
103509
103519
103520
103523
103526
103552
103554
103574
103594
103619
103620
103649
103662
103671
103673
103676
103702
103706
103715
103737
103752
103759
103762
103772
103777
103779
103785
103787
103791
103808
103823
103834
103840
103842
103844
103852
103870
103871
103874
103887
103899
103910
103927
103967
103968
103989
103992
103995
103997
103998
104025
104041
104047
104061
104066
104099
104106
104109
104119
104123
104133
104140
104149
104152
104167
104177
104193
104206
104209
104219
104224
104225
104243
104257
104274
104282
104285
104292
104302
104332
104333
104341
104363
104378
104383
104389
104392
104401
104408
104410
104422
104446
104447
104448
104451
104456
104458
104465
104469
104489
104493
104496
104509
104512
104514
104528
104545
104552
104557
104558
104574
104582
104592
104607
104610
104626
104658
104659
104679
104683
104691
104694
104704
104714
104743
104746
104747
104751
104762
104769
104780
104783
104793
104801
104802
104811
104823
104844
104875
104876
104880
104888
104890
104898
104901
104918
104928
104936
104953
104967
104982
104984
104991
105021
105032
105047
105068
105090
105096
105115
105120
105139
105145
105148
105149
105153
105155
105161
105163
105195
105199
105202
105207
105217
105241
105248
105254
105265
105316
105328
105331
105334
105337
105352
105354
105362
105375
105381
105390
105419
105429
105481
105484
105488
105526
105536
105551
105560
105563
105569
105612
105619
105634
105655
105673
105677
105678
105684
105685
105691
105695
105702
105735
105742
105743
105761
105781
105784
105803
105805
105813
105816
105819
105820
105827
105828
105836
105841
105862
105869
105876
105888
105897
105898
105917
105919
105925
105957
105960
105981
106003
106012
106017
106023
106045
106048
106057
106062
106074
106076
106078
106083
106109
106141
106146
106152
106176
106209
106244
106263
106273
106284
106286
106288
106325
106342
106344
106347
106350
106351
106364
106377
106393
106404
106422
106432
106433
106437
106439
106447
106454
106463
106477
106492
106497
106503
106508
106509
106516
106519
106530
106541
106559
106562
106564
106568
106573
106580
106582
106585
106597
106605
106609
106611
106634
106641
106650
106657
106659
106686
106708
106710
106723
106743
106754
106755
106758
106789
106797
106818
106823
106824
106830
106839
106840
106855
106867
106879
106894
106900
106926
106931
106942
106950
106956
106963
106965
106966
106982
106991
106992
107001
107035
107042
107049
107053
107055
107076
107089
107096
107098
107105
107107
107121
107125
107130
107134
107137
107142
107154
107158
107162
107175
107178
107182
107188
107195
107227
107237
107239
107243
107245
107253
107258
107262
107272
107277
107288
107289
107294
107295
107301
107306
107336
107381
107409
107419
107429
107447
107452
107504
107511
107521
107532
107536
107548
107551
107552
107588
107597
107621
107654
107667
107673
107678
107680
107692
107693
107695
107727
107743
107745
107752
107778
107781
107793
107807
107810
107815
107823
107834
107856
107861
107865
107905
107908
107925
107936
107944
107947
107962
107974
107984
107989
107990
107993
107996
108001
108005
108020
108027
108034
108046
108051
108075
108083
108093
108107
108120
108127
108140
108144
108148
108161
108182
108187
108192
108213
108236
108241
108250
108256
108268
108278
108284
108287
108323
108334
108345
108359
108373
108382
108389
108403
108416
108418
108439
108461
108476
108480
108490
108495
108497
108499
108524
108536
108537
108546
108566
108574
108575
108591
108608
108613
108614
108621
108625
108644
108646
108651
108652
108654
108659
108663
108666
108669
108711
108722
108723
108727
108728
108736
108743
108770
108781
108796
108800
108815
108824
108830
108835
108839
108844
108858
108864
108870
108876
108877
108880
108901
108932
108934
108947
108956
108977
108978
108991
108996
109013
109018
109029
109040
109047
109055
109065
109069
109077
109081
109095
109096
109098
109101
109103
109133
109136
109153
109156
109175
109181
109183
109190
109205
109211
109216
109244
109257
109258
109268
109278
109283
109284
109300
109316
109332
109342
109353
109356
109369
109377
109386
109403
109425
109427
109456
109471
109493
109495
109517
109523
109542
109544
109549
109563
109572
109580
109601
109607
109612
109623
109627
109628
109638
109641
109646
109661
109664
109670
109713
109718
109720
109724
109730
109738
109739
109762
109808
109812
109823
109827
109832
109837
109840
109859
109868
109875
109884
109885
109902
109909
109933
109944
109950
109954
109955
109972
109978
109982
109996
109998
110007
110013
110020
110062
110068
110074
110079
110089
110092
110098
110104
110106
110128
110141
110150
110156
110160
110164
110171
110177
110194
110204
110206
110219
110220
110239
110241
110278
110285
110296
110298
110303
110313
110316
110317
110331
110339
110349
110367
110369
110371
110376
110381
110408
110422
110430
110434
110459
110462
110469
110475
110481
110494
110499
110514
110518
110523
110539
110561
110564
110576
110580
110585
110589
110605
110623
110634
110642
110649
110658
110659
110676
110677
110700
110701
110709
110712
110713
110716
110721
110723
110727
110729
110734
110739
110744
110762
110769
110790
110814
110816
110825
110826
110858
110867
110882
110886
110887
110888
110891
110893
110896
110898
110911
110967
110993
111007
111011
111033
111049
111054
111056
111076
111089
111107
111108
111110
111115
111121
111123
111147
111150
111152
111162
111173
111202
111207
111224
111245
111269
111284
111309
111349
111383
111385
111395
111399
111400
111404
111415
111435
111446
111454
111456
111457
111464
111465
111468
111479
111488
111490
111491
111493
111500
111504
111519
111526
111535
111536
111539
111558
111566
111584
111609
111610
111634
111669
111673
111693
111695
111697
111704
111712
111724
111727
111741
111744
111762
111770
111778
111792
111805
111814
111829
111858
111860
111862
111893
111914
111925
111926
111928
111933
111943
111961
111969
111978
112001
112029
112035
112066
112075
112084
112088
112093
112105
112166
112175
112185
112188
112190
112202
112207
112208
112216
112223
112240
112244
112245
112258
112267
112268
112289
112294
112329
112331
112351
112371
112397
112410
112411
112415
112435
112436
112453
112461
112470
112477
112478
112480
112482
112494
112495
112501
112507
112510
112512
112518
112519
112534
112566
112611
112614
112637
112646
112658
112661
112664
112675
112676
112682
112694
112696
112698
112699
112703
112704
112726
112730
112734
112743
112750
112774
112775
112787
112790
112796
112797
112799
112812
112815
112817
112822
112826
112842
112845
112848
112866
112875
112878
112893
112913
112919
112920
112926
112936
112948
112950
112952
112967
112970
112972
112981
112982
112995
112999
113010
113018
113020
113023
113026
113036
113042
113047
113048
113060
113061
113069
113073
113075
113089
113094
113110
113114
113119
113130
113139
113141
113150
113159
113207
113215
113220
113223
113227
113230
113237
113238
113241
113251
113258
113278
113282
113283
113285
113304
113315
113323
113331
113332
113339
113350
113351
113355
113369
113380
113395
113399
113424
113430
113433
113434
113442
113469
113499
113538
113542
113546
113564
113565
113567
113571
113574
113577
113579
113582
113605
113611
113615
113617
113674
113679
113680
113684
113685
113696
113698
113710
113716
113721
113724
113741
113760
113767
113769
113771
113773
113776
113783
113789
113807
113808
113831
113876
113885
113897
113898
113900
113902
113904
113916
113968
113981
113989
114011
114014
114018
114020
114024
114027
114058
114071
114074
114085
114087
114095
114103
114129
114135
114145
114165
114172
114184
114187
114200
114213
114217
114220
114232
114235
114247
114252
114257
114259
114264
114281
114283
114302
114306
114318
114336
114352
114354
114373
114374
114390
114399
114419
114446
114447
114471
114495
114507
114510
114514
114539
114569
114578
114598
114606
114618
114624
114627
114630
114643
114660
114668
114669
114690
114694
114712
114714
114716
114723
114728
114754
114756
114767
114768
114778
114779
114791
114799
114808
114834
114848
114858
114865
114891
114896
114903
114913
114916
114923
114928
114930
114936
114948
114971
114979
114984
115009
115036
115042
115046
115058
115060
115067
115074
115080
115085
115087
115097
115098
115100
115109
115118
115123
115126
115158
115165
115184
115190
115193
115208
115222
115224
115248
115254
115292
115293
115311
115325
115328
115329
115337
115338
115353
115361
115376
115387
115397
115398
115444
115449
115472
115475
115476
115480
115482
115483
115488
115494
115521
115527
115528
115552
115566
115596
115603
115625
115627
115646
115651
115661
115664
115703
115725
115733
115736
115739
115746
115750
115752
115761
115767
115777
115779
115784
115785
115793
115855
115856
115867
115870
115873
115881
115888
115895
115897
115902
115918
115942
115955
115956
115961
115971
115974
115984
115991
115997
116009
116015
116063
116069
116075
116097
116110
116111
116116
116122
116132
116136
116141
116142
116145
116146
116150
116154
116168
116174
116178
116182
116208
116211
116213
116230
116244
116261
116271
116275
116276
116287
116300
116301
116305
116316
116317
116318
116319
116321
116333
116337
116388
116390
116393
116395
116398
116407
116408
116437
116464
116513
116516
116517
116530
116533
116534
116535
116546
116549
116559
116576
116590
116599
116602
116605
116623
116644
116656
116674
116677
116678
116680
116685
116768
116774
116779
116780
116799
116800
116818
116831
116833
116858
116883
116888
116895
116901
116924
116925
116936
116941
116942
116959
116978
117005
117016
117037
117048
117056
117066
117079
117089
117091
117096
117108
117117
117131
117135
117156
117158
117167
117180
117185
117197
117211
117224
117231
117235
117259
117272
117285
117291
117295
117296
117313
117320
117327
117354
117370
117371
117385
117391
117392
117413
117431
117444
117448
117473
117484
117522
117529
117535
117540
117546
117551
117583
117600
117607
117623
117634
117643
117659
117664
117668
117670
117684
117697
117702
117709
117715
117717
117718
117720
117723
117738
117758
117777
117787
117791
117794
117804
117821
117831
117837
117841
117856
117858
117876
117888
117897
117909
117911
117938
117958
117965
117995
118008
118011
118018
118026
118030
118034
118044
118067
118078
118093
118131
118154
118161
118163
118168
118175
118176
118180
118183
118208
118210
118215
118220
118227
118228
118240
118244
118253
118258
118262
118264
118265
118278
118284
118299
118305
118310
118324
118329
118333
118372
118373
118376
118388
118423
118436
118440
118455
118463
118475
118476
118490
118491
118505
118513
118535
118536
118544
118545
118552
118555
118578
118581
118590
118598
118602
118606
118618
118640
118648
118668
118681
118692
118699
118700
118736
118747
118748
118749
118755
118759
118761
118782
118793
118794
118810
118812
118815
118829
118830
118837
118841
118844
118849
118863
118882
118900
118908
118919
118920
118923
118938
118946
118955
118964
118976
118980
119011
119018
119075
119088
119091
119094
119097
119114
119121
119130
119137
119165
119166
119171
119179
119197
119210
119212
119215
119258
119275
119283
119313
119347
119350
119357
119359
119361
119366
119381
119399
119401
119419
119455
119457
119462
119463
119504
119513
119529
119545
119553
119568
119582
119593
119604
119614
119615
119618
119620
119631
119657
119662
119663
119666
119679
119692
119699
119716
119718
119727
119739
119751
119756
119764
119769
119785
119814
119816
119819
119823
119828
119829
119866
119881
119888
119889
119908
119915
119916
119921
119932
119934
119937
119942
119953
119956
119971
119983
119986
119993
119995
120005
120012
120021
120022
120042
120048
120052
120070
120081
120091
120092
120096
120106
120109
120125
120129
120138
120150
120155
120190
120199
120207
120209
120221
120238
120254
120255
120266
120275
120288
120291
120292
120294
120314
120332
120333
120343
120371
120376
120381
120385
120404
120431
120451
120452
120461
120466
120483
120492
120494
120519
120549
120555
120560
120567
120568
120577
120581
120590
120603
120607
120632
120641
120644
120647
120663
120666
120683
120688
120705
120714
120729
120731
120734
120742
120747
120748
120758
120760
120761
120774
120789
120792
120813
120834
120841
120876
120892
120896
120907
120909
120911
120920
120931
120934
120939
120958
120967
120972
120987
121014
121032
121047
121063
121066
121084
121093
121111
121147
121178
121192
121202
121208
121217
121233
121234
121236
121265
121269
121281
121289
121296
121327
121329
121334
121342
121343
121348
121350
121352
121368
121373
121376
121384
121391
121393
121414
121419
121422
121424
121441
121443
121461
121464
121492
121506
121510
121528
121551
121574
121578
121579
121588
121609
121613
121618
121620
121630
121633
121641
121644
121650
121654
121660
121702
121711
121719
121738
121747
121759
121781
121801
121813
121815
121817
121830
121833
121836
121859
121873
121890
121897
121898
121899
121904
121909
121919
121920
121930
121935
121936
121943
121945
121953
121963
121969
121989
122020
122037
122040
122051
122059
122060
122062
122077
122080
122088
122091
122104
122120
122144
122151
122152
122164
122167
122170
122181
122193
122218
122247
122250
122259
122280
122303
122330
122335
122341
122356
122364
122381
122393
122401
122410
122418
122428
122433
122437
122449
122450
122452
122463
122472
122473
122493
122499
122513
122514
122517
122531
122540
122543
122553
122565
122606
122626
122639
122662
122666
122670
122676
122677
122689
122698
122718
122721
122723
122769
122774
122788
122789
122804
122816
122821
122828
122833
122844
122867
122873
122883
122886
122889
122890
122891
122902
122909
122915
122918
122920
122922
122950
122972
122985
122998
123021
123043
123048
123072
123075
123088
123090
123099
123103
123112
123124
123130
123131
123133
123152
123160
123165
123169
123172
123174
123190
123212
123227
123229
123240
123263
123269
123280
123303
123310
123328
123330
123335
123338
123376
123378
123389
123403
123408
123411
123412
123416
123430
