5
10
19
33
34
37
55
74
80
81
85
97
98
101
123
134
142
155
164
168
170
177
220
228
229
240
249
275
295
323
353
354
379
381
383
392
412
413
452
461
475
479
483
492
502
517
531
544
565
581
585
592
594
631
632
642
659
660
666
668
672
689
693
719
722
725
730
732
733
742
746
758
774
799
814
828
840
853
854
863
878
880
889
898
906
908
910
929
935
949
950
956
959
963
966
980
989
991
1018
1025
1029
1061
1066
1069
1077
1078
1087
1088
1089
1098
1109
1128
1137
1147
1206
1207
1218
1248
1249
1260
1293
1297
1298
1308
1325
1327
1334
1351
1353
1370
1372
1378
1393
1414
1427
1428
1435
1437
1440
1456
1460
1484
1485
1491
1495
1503
1505
1513
1532
1538
1543
1552
1558
1569
1574
1576
1595
1598
1612
1640
1656
1657
1679
1688
1689
1702
1705
1711
1713
1722
1730
1754
1757
1774
1794
1797
1813
1818
1827
1828
1842
1850
1852
1856
1857
1886
1892
1893
1896
1903
1918
1934
1948
1949
1962
1969
1972
1988
1991
1993
1999
2035
2076
2087
2096
2098
2100
2107
2124
2125
2149
2153
2157
2159
2167
2182
2193
2239
2270
2275
2283
2301
2340
2341
2345
2349
2371
2396
2399
2412
2421
2435
2463
2492
2500
2508
2514
2572
2573
2578
2591
2604
2616
2621
2630
2633
2651
2666
2670
2683
2690
2708
2722
2737
2740
2741
2743
2767
2769
2771
2784
2789
2792
2795
2814
2820
2833
2854
2880
2888
2898
2906
2928
2935
2944
2946
2989
2991
3018
3025
3027
3029
3030
3048
3060
3061
3070
3097
3099
3110
3111
3152
3153
3168
3183
3189
3211
3215
3217
3242
3260
3272
3276
3277
3281
3286
3288
3304
3317
3336
3351
3352
3353
3355
3357
3361
3367
3370
3382
3385
3406
3416
3424
3429
3464
3481
3489
3491
3506
3511
3522
3538
3549
3561
3562
3564
3575
3588
3592
3623
3632
3686
3693
3694
3697
3713
3720
3728
3739
3757
3777
3782
3786
3803
3838
3851
3859
3862
3865
3880
3893
3902
3905
3919
3924
3947
3952
3954
3968
3974
4026
4038
4045
4053
4063
4086
4087
4089
4097
4105
4120
4125
4129
4158
4171
4172
4174
4178
4184
4189
4201
4258
4268
4280
4288
4291
4309
4352
4358
4360
4368
4383
4405
4412
4423
4447
4451
4464
4480
4493
4494
4506
4519
4521
4527
4528
4554
4561
4595
4601
4605
4614
4665
4712
4721
4759
4770
4772
4776
4779
4785
4814
4826
4829
4853
4861
4865
4873
4874
4879
4886
4906
4946
4963
4976
4994
4997
4998
5002
5004
5018
5020
5021
5029
5030
5037
5041
5048
5050
5060
5061
5062
5086
5090
5105
5132
5134
5136
5148
5159
5163
5181
5195
5199
5201
5202
5203
5213
5217
5221
5245
5249
5266
5273
5275
5286
5291
5299
5311
5316
5323
5331
5342
5372
5384
5385
5397
5399
5421
5433
5435
5448
5490
5493
5497
5501
5528
5531
5537
5546
5548
5555
5564
5570
5572
5597
5599
5608
5614
5623
5631
5635
5638
5644
5649
5650
5683
5698
5704
5718
5720
5729
5743
5750
5761
5782
5791
5803
5817
5835
5839
5851
5876
5883
5890
5891
5896
5897
5899
5904
5907
5916
5922
5926
5965
5984
5987
5988
5992
6011
6014
6015
6029
6031
6036
6046
6048
6066
6082
6092
6107
6113
6115
6160
6161
6168
6178
6185
6190
6194
6210
6220
6242
6249
6255
6270
6288
6292
6298
6310
6327
6335
6348
6359
6386
6394
6406
6410
6419
6429
6431
6432
6435
6440
6442
6444
6476
6488
6497
6507
6509
6510
6530
6533
6536
6540
6552
6555
6557
6560
6565
6568
6570
6587
6591
6594
6604
6633
6635
6642
6650
6659
6677
6681
6693
6697
6710
6711
6736
6739
6749
6768
6781
6789
6796
6798
6800
6801
6812
6844
6853
6861
6867
6868
6874
6900
6910
6922
6923
6932
6937
6940
6943
6968
6980
6982
6991
6998
7036
7058
7077
7117
7119
7147
7159
7175
7177
7178
7186
7211
7214
7222
7224
7234
7243
7244
7247
7262
7266
7275
7279
7283
7304
7320
7331
7333
7345
7348
7349
7350
7351
7386
7388
7393
7397
7400
7425
7429
7431
7433
7435
7437
7440
7441
7448
7462
7469
7480
7494
7525
7529
7539
7547
7560
7561
7563
7572
7575
7600
7608
7610
7615
7625
7626
7637
7648
7658
7661
7666
7696
7709
7733
7741
7756
7777
7781
7789
7790
7800
7802
7804
7814
7821
7832
7834
7835
7838
7842
7851
7893
7899
7926
7961
7980
7983
7986
7989
7990
7996
8005
8009
8036
8071
8076
8080
8089
8091
8099
8104
8105
8106
8110
8121
8149
8151
8159
8170
8177
8188
8191
8193
8246
8254
8257
8266
8270
8273
8276
8283
8294
8299
8302
8307
8315
8321
8322
8326
8337
8341
8345
8352
8353
8364
8372
8379
8389
8390
8393
8396
8404
8410
8434
8436
8444
8474
8475
8514
8522
8526
8530
8539
8546
8562
8572
8579
8581
8602
8603
8606
8625
8627
8630
8660
8663
8675
8697
8712
8725
8741
8753
8759
8760
8775
8796
8798
8802
8809
8843
8853
8858
8862
8866
8871
8884
8885
8888
8896
8912
8921
8929
8931
8933
8939
8957
8975
8981
8988
8992
8993
9004
9006
9013
9020
9025
9035
9042
9057
9059
9062
9073
9075
9077
9097
9102
9111
9113
9123
9133
9174
9179
9182
9185
9187
9203
9219
9222
9243
9265
9271
9280
9289
9291
9307
9314
9347
9355
9366
9374
9375
9378
9383
9394
9399
9402
9426
9435
9437
9444
9445
9449
9452
9495
9523
9526
9533
9545
9553
9556
9558
9562
9600
9607
9609
9616
9618
9634
9653
9656
9673
9674
9675
9682
9694
9697
9718
9726
9737
9739
9749
9767
9769
9775
9780
9810
9814
9829
9837
9858
9862
9889
9901
9905
9929
9947
9957
9972
9974
9976
10005
10016
10036
10040
10048
10053
10058
10060
10081
10090
10091
10111
10115
10123
10125
10126
10133
10139
10164
10166
10171
10177
10180
10183
10199
10207
10208
10210
10215
10218
10222
10225
10243
10251
10282
10284
10320
10335
10340
10341
10361
10362
10366
10367
10370
10379
10384
10394
10410
10417
10418
10427
10433
10434
10448
10452
10478
10494
10509
10531
10535
10540
10543
10552
10555
10558
10560
10577
10582
10585
10603
10626
10628
10632
10644
10660
10665
10678
10679
10725
10736
10748
10753
10757
10803
10804
10811
10818
10858
10859
10863
10888
10902
10906
10941
10949
10954
10970
10987
10990
10997
10999
11005
11006
11008
11041
11059
11070
11071
11073
11075
11080
11083
11094
11100
11104
11119
11128
11133
11137
11141
11150
11160
11164
11165
11182
11184
11229
11230
11235
11236
11237
11240
11243
11259
11266
11270
11275
11276
11286
11294
11296
11305
11324
11336
11338
11370
11385
11414
11454
11456
11459
11465
11473
11480
11486
11536
11599
11602
11603
11621
11630
11637
11662
11669
11680
11686
11696
11705
11725
11736
11740
11744
11766
11767
11769
11772
11787
11793
11795
11801
11809
11824
11843
11871
11890
11905
11916
11918
11925
11930
11933
11938
11941
11962
11979
11986
11995
12030
12049
12055
12057
12059
12064
12070
12072
12075
12084
12093
12095
12101
12129
12143
12164
12174
12185
12188
12203
12213
12218
12225
12273
12299
12317
12324
12333
12340
12341
12343
12349
12371
12383
12394
12409
12417
12421
12426
12433
12443
12452
12461
12517
12539
12551
12555
12567
12568
12574
12581
12589
12601
12616
12619
12628
12634
12640
12647
12652
12658
12682
12717
12722
12723
12730
12734
12759
12760
12779
12780
12785
12814
12829
12839
12850
12860
12861
12864
12866
12872
12885
12924
12952
12971
13016
13044
13051
13057
13061
13071
13073
13106
13119
13122
13134
13145
13153
13157
13186
13203
13206
13208
13213
13217
13218
13235
13249
13276
13298
13301
13320
13322
13326
13327
13330
13336
13343
13346
13356
13362
13417
13437
13444
13459
13461
13484
13489
13492
13503
13507
13516
13527
13532
13543
13545
13554
13559
13562
13565
13581
13598
13603
13614
13641
13642
13644
13658
13668
13670
13671
13672
13690
13697
13711
13718
13723
13726
13737
13741
13742
13747
13752
13767
13770
13780
13783
13797
13807
13832
13845
13866
13896
13900
13917
13929
13931
13949
13968
13969
13982
13987
14001
14003
14028
14055
14060
14061
14081
14091
14099
14101
14108
14129
14145
14147
14152
14153
14158
14165
14170
14192
14193
14200
14204
14228
14232
14256
14272
14273
14278
14283
14297
14299
14312
14318
14329
14338
14344
14378
14409
14423
14441
14445
14446
14485
14493
14494
14498
14505
14516
14523
14543
14561
14566
14567
14573
14586
14613
14622
14645
14652
14670
14671
14680
14722
14724
14737
14746
14759
14767
14769
14783
14789
14791
14793
14794
14798
14806
14821
14838
14840
14854
14860
14875
14879
14885
14898
14900
14919
14926
14962
14968
14970
14973
14988
14996
15000
15033
15053
15066
15067
15076
15077
15079
15093
15096
15105
15118
15123
15124
15127
15137
15151
15163
15172
15173
15178
15182
15186
15199
15206
15215
15223
15248
15250
15256
15277
15278
15282
15283
15284
15288
15290
15292
15301
15306
15321
15322
15328
15360
15380
15385
15402
15422
15428
15430
15435
15438
15448
15481
15485
15488
15493
15496
15498
15503
15504
15510
15513
15533
15543
15547
15551
15555
15565
15566
15582
15604
15608
15637
15666
15675
15685
15689
15715
15722
15747
15759
15765
15767
15769
15773
15843
15844
15858
15863
15865
15871
15873
15883
15893
15905
15915
15932
15933
15943
15946
15959
15974
15987
16006
16025
16028
16030
16034
16039
16052
16058
16062
16076
16079
16081
16091
16096
16114
16119
16149
16155
16166
16193
16200
16208
16242
16250
16272
16288
16294
16298
16301
16317
16322
16324
16330
16346
16348
16349
16350
16358
16403
16429
16437
16438
16441
16442
16443
16450
16463
16464
16471
16475
16487
16498
16499
16511
16512
16536
16542
16561
16568
16569
16582
16587
16634
16635
16650
16658
16663
16668
16682
16696
16699
16707
16720
16769
16771
16773
16829
16838
16862
16865
16875
16878
16888
16893
16897
16901
16913
16917
16926
16928
16940
16945
16949
16955
16960
16963
17018
17025
17031
17036
17045
17046
17057
17072
17083
17086
17100
17101
17103
17107
17113
17118
17131
17150
17158
17172
17176
17184
17185
17194
17211
17233
17239
17242
17244
17251
17258
17262
17264
17266
17283
17289
17291
17305
17311
17317
17319
17345
17356
17361
17367
17374
17377
17379
17398
17427
17436
17443
17463
17466
17467
17475
17480
17490
17493
17510
17524
17532
17540
17544
17546
17552
17556
17569
17574
17594
17599
17617
17623
17632
17633
17638
17643
17649
17655
17663
17667
17678
17679
17696
17704
17725
17732
17738
17740
17766
17773
17784
17817
17819
17867
17878
17905
17909
17914
17945
17955
17964
17982
18011
18028
18029
18073
18077
18083
18089
18093
18104
18106
18111
18135
18143
18170
18184
18185
18198
18202
18231
18238
18242
18243
18245
18249
18258
18268
18281
18303
18305
18310
18312
18328
18330
18335
18361
18376
18381
18385
18407
18411
18418
18457
18458
18459
18469
18470
18475
18476
18509
18522
18530
18531
18536
18547
18552
18556
18565
18574
18576
18587
18590
18601
18612
18626
18629
18632
18634
18642
18652
18665
18671
18693
18707
18721
18728
18760
18769
18774
18786
18818
18819
18826
18835
18840
18846
18850
18865
18874
18888
18903
18907
18912
18916
18931
18950
18971
18984
19000
19002
19006
19037
19049
19055
19082
19112
19124
19125
19129
19130
19144
19154
19159
19166
19168
19170
19179
19181
19215
19217
19234
19245
19277
19306
19315
19334
19336
19342
19348
19349
19363
19367
19392
19400
19401
19413
19423
19473
19486
19520
19523
19529
19532
19544
19549
19581
19601
19605
19606
19608
19619
19621
19627
19629
19642
19661
19674
19687
19704
19710
19720
19722
19749
19786
19792
19803
19807
19812
19822
19833
19845
19852
19856
19859
19877
19899
19907
19909
19915
19918
19921
19924
19927
19928
19930
19933
19939
19945
19949
19950
19951
19962
19992
20018
20023
20033
20037
20042
20057
20070
20078
20089
20117
20118
20122
20128
20146
20164
20222
20229
20235
20243
20253
20259
20281
20284
20302
20305
20350
20378
20386
20395
20409
20410
20413
20446
20465
20467
20468
20475
20484
20487
20503
20517
20536
20543
20561
20564
20568
20569
20586
20590
20596
20597
20606
20610
20624
20625
20636
20638
20649
20668
20670
20682
20685
20690
20691
20696
20701
20710
20722
20732
20733
20736
20756
20757
20764
20775
20777
20784
20792
20801
20812
20816
20823
20846
20847
20851
20860
20877
20891
20893
20897
20904
20907
20908
20910
20911
20918
20922
20935
20939
20968
20973
20974
20976
20981
20985
21030
21039
21085
21086
21113
21117
21123
21132
21133
21134
21144
21146
21151
21161
21162
21172
21197
21212
21216
21218
21235
21240
21244
21251
21256
21273
21279
21291
21301
21306
21312
21329
21334
21343
21345
21356
21366
21370
21374
21384
21388
21390
21395
21409
21412
21415
21434
21442
21445
21451
21473
21497
21503
21515
21519
21524
21540
21555
21578
21593
21594
21625
21640
21644
21670
21680
21702
21709
21725
21756
21773
21780
21787
21791
21797
21810
21814
21834
21839
21863
21866
21889
21894
21897
21913
21922
21924
21930
21933
21957
21970
21984
21995
22003
22029
22037
22054
22055
22102
22103
22113
22119
22133
22144
22147
22176
22177
22187
22203
22219
22223
22228
22237
22243
22252
22258
22266
22271
22278
22301
22308
22314
22315
22319
22329
22335
22337
22350
22357
22372
22381
22395
22408
22410
22414
22425
22437
22478
22491
22493
22542
22551
22587
22594
22597
22609
22610
22611
22653
22659
22668
22670
22674
22690
22706
22707
22717
22728
22729
22731
22749
22756
22760
22764
22765
22772
22778
22786
22790
22819
22829
22834
22844
22848
22856
22867
22890
22898
22911
22933
22947
22964
22970
22982
22988
23002
23037
23045
23064
23068
23070
23081
23090
23103
23104
23107
23118
23125
23139
23142
23155
23157
23216
23234
23239
23253
23258
23262
23270
23293
23294
23309
23312
23329
23335
23372
23374
23378
23385
23388
23404
23407
23416
23424
23493
23502
23503
23511
23526
23535
23554
23558
23560
23563
23572
23578
23589
23593
23604
23609
23616
23621
23636
23651
23669
23685
23698
23703
23705
23714
23718
23725
23726
23744
23754
23770
23775
23783
23796
23806
23811
23814
23822
23845
23857
23863
23876
23894
23910
23920
23923
23930
23949
23953
23956
23985
24026
24030
24036
24042
24043
24049
24062
24082
24083
24088
24097
24098
24101
24103
24106
24119
24120
24129
24135
24147
24156
24160
24169
24172
24173
24176
24181
24225
24278
24288
24301
24340
24368
24390
24400
24412
24435
24439
24448
24450
24452
24457
24463
24497
24501
24502
24537
24556
24562
24566
24576
24577
24583
24591
24593
24613
24622
24629
24633
24636
24647
24678
24679
24685
24686
24694
24700
24709
24743
24755
24799
24802
24809
24837
24853
24855
24859
24870
24878
24886
24891
24897
24923
24924
24934
24946
24964
24966
24968
24973
24982
24990
24996
25022
25045
25048
25054
25068
25091
25098
25117
25125
25136
25139
25170
25173
25181
25183
25184
25203
25221
25227
25231
25232
25233
25249
25273
25283
25301
25305
25331
25333
25343
25344
25346
25352
25368
25372
25375
25400
25402
25404
25423
25438
25461
25482
25486
25500
25511
25517
25518
25519
25532
25536
25540
25556
25578
25581
25589
25625
25640
25657
25678
25687
25709
25714
25725
25744
25751
25754
25772
25774
25782
25807
25812
25822
25827
25838
25848
25850
25851
25866
25869
25879
25884
25891
25904
25917
25945
25948
25962
25978
25985
26002
26049
26058
26074
26076
26084
26102
26112
26116
26119
26122
26128
26131
26149
26159
26161
26171
26174
26186
26187
26233
26234
26236
26241
26247
26249
26293
26296
26298
26299
26304
26306
26313
26315
26337
26339
26351
26391
26400
26405
26407
26408
26431
26432
26441
26461
26477
26500
26512
26539
26541
26542
26546
26551
26552
26555
26568
26571
26600
26611
26612
26620
26621
26628
26639
26641
26647
26654
26682
26687
26713
26722
26733
26735
26749
26752
26753
26755
26779
26790
26791
26805
26815
26816
26823
26854
26886
26891
26912
26926
26948
26979
26981
26986
27004
27009
27055
27057
27058
27064
27106
27114
27131
27132
27155
27170
27189
27191
27199
27204
27218
27232
27244
27256
27259
27260
27262
27263
27264
27276
27291
27295
27296
27299
27329
27365
27368
27370
27379
27398
27399
27412
27417
27424
27436
27437
27450
27461
27466
27470
27474
27477
27485
27489
27496
27504
27519
27523
27524
27531
27557
27558
27587
27592
27594
27596
27602
27609
27614
27651
27686
27692
27701
27709
27717
27718
27743
27744
27751
27761
27770
27776
27781
27792
27803
27813
27817
27833
27839
27859
27862
27866
27871
27902
27909
27912
27917
27926
27948
27950
27955
28002
28017
28050
28051
28085
28086
28113
28117
28131
28134
28138
28142
28146
28154
28159
28165
28181
28199
28207
28213
28219
28229
28235
28269
28281
28303
28311
28321
28324
28342
28355
28367
28375
28389
28419
28430
28431
28437
28445
28448
28459
28484
28496
28523
28551
28563
28566
28582
28584
28589
28593
28601
28611
28616
28621
28622
28626
28660
28683
28686
28687
28698
28704
28724
28728
28759
28770
28776
28781
28793
28801
28806
28827
28829
28833
28837
28841
28851
28855
28868
28876
28888
28894
28895
28914
28919
28941
28950
28960
28961
28975
28982
28996
28998
29008
29018
29022
29029
29031
29039
29042
29046
29060
29062
29068
29079
29080
29081
29082
29086
29090
29111
29119
29126
29127
29143
29154
29156
29157
29181
29188
29190
29193
29194
29195
29209
29221
29228
29233
29246
29247
29264
29282
29284
29295
29309
29310
29312
29325
29330
29361
29362
29366
29369
29373
29375
29377
29394
29398
29399
29406
29408
29412
29416
29420
29425
29430
29456
29461
29467
29468
29485
29497
29510
29514
29515
29522
29561
29563
29565
29574
29575
29578
29580
29586
29592
29610
29621
29628
29633
29649
29682
29695
29714
29715
29720
29735
29744
29748
29772
29774
29791
29796
29798
29802
29812
29818
29845
29846
29868
29874
29897
29909
29922
29931
29933
29942
29947
29951
29958
29964
29972
29993
30019
30025
30032
30038
30042
30048
30058
30059
30078
30088
30104
30106
30108
30129
30132
30150
30160
30171
30172
30187
30188
30199
30208
30213
30229
30241
30246
30284
30288
30290
30293
30304
30305
30316
30325
30329
30331
30337
30340
30347
30356
30375
30383
30419
30431
30475
30476
30516
30524
30533
30546
30550
30567
30586
30590
30593
30605
30610
30616
30627
30651
30671
30674
30681
30689
30699
30702
30707
30715
30716
30731
30733
30742
30753
30757
30771
30776
30801
30815
30825
30826
30838
30867
30879
30882
30888
30907
30919
30920
30922
30929
30940
30943
30972
30992
30996
30999
31004
31042
31047
31059
31061
31074
31083
31087
31088
31091
31093
31096
31098
31099
31102
31104
31126
31128
31131
31144
31151
31163
31168
31236
31237
31245
31246
31262
31271
31293
31319
31320
31327
31352
31379
31387
31389
31399
31402
31410
31427
31434
31465
31479
31502
31505
31506
31519
31529
31531
31533
31549
31559
31590
31599
31601
31605
31628
31633
31645
31646
31690
31692
31705
31709
31716
31738
31753
31757
31762
31768
31775
31795
31803
31807
31812
31881
31884
31890
31894
31898
31911
31917
31926
31950
31953
31954
31969
31980
31981
31983
31997
32001
32008
32035
32040
32049
32052
32061
32067
32076
32080
32082
32103
32109
32119
32127
32145
32148
32152
32182
32184
32190
32207
32219
32220
32224
32240
32271
32281
32290
32292
32300
32301
32311
32312
32317
32318
32342
32345
32361
32363
32364
32370
32377
32413
32435
32438
32440
32442
32463
32471
32472
32481
32484
32496
32503
32537
32546
32558
32559
32582
32585
32587
32591
32616
32636
32661
32682
32683
32695
32710
32715
32717
32743
32761
32780
32785
32791
32794
32804
32810
32812
32856
32860
32863
32873
32900
32902
32915
32927
32937
32938
32951
32963
32979
32980
32981
32986
32998
33008
33012
33013
33018
33019
33022
33051
33052
33056
33073
33082
33083
33085
33111
33121
33134
33141
33147
33157
33165
33179
33197
33220
33239
33247
33267
33268
33278
33288
33293
33301
33302
33307
33318
33327
33329
33335
33337
33346
33357
33366
33369
33372
33385
33397
33399
33415
33429
33431
33436
33449
33450
33462
33464
33483
33488
33490
33501
33506
33509
33526
33540
33548
33567
33574
33580
33600
33608
33610
33619
33624
33651
33652
33668
33679
33708
33718
33722
33729
33730
33732
33746
33769
33779
33784
33788
33790
33807
33818
33829
33843
33850
33855
33866
33881
33883
33921
33942
33953
33984
34001
34023
34030
34033
34035
34037
34046
34055
34078
34088
34106
34107
34110
34124
34130
34132
34136
34156
34166
34173
34189
34190
34197
34201
34202
34204
34211
34216
34221
34227
34240
34241
34243
34248
34250
34255
34262
34269
34278
34284
34291
34300
34305
34322
34348
34349
34355
34356
34361
34367
34368
34377
34383
34386
34390
34397
34425
34427
34439
34445
34446
34452
34464
34465
34467
34473
34491
34512
34520
34526
34552
34553
34565
34566
34573
34574
34584
34624
34636
34643
34657
34659
34665
34693
34694
34696
34721
34726
34730
34740
34763
34776
34780
34784
34787
34818
34827
34834
34835
34840
34842
34862
34880
34883
34885
34924
34927
34936
34940
34958
34964
34965
34973
34982
34989
34992
34993
35002
35007
35014
35031
35035
35037
35050
35061
35063
35087
35096
35113
35134
35145
35157
35204
35206
35223
35245
35249
35253
35261
35263
35272
35298
35329
35333
35342
35355
35362
35364
35365
35387
35390
35391
35409
35420
35430
35455
35475
35484
35492
35501
35512
35514
35527
35530
35533
35557
35558
35573
35584
35585
35586
35613
35615
35622
35624
35627
35628
35655
35659
35663
35670
35671
35682
35690
35698
35712
35717
35720
35729
35730
35751
35762
35766
35774
35779
35784
35785
35799
35800
35805
35816
35820
35848
35854
35867
35881
35884
35902
35919
35923
35929
35934
35944
35950
35963
35964
35978
35985
36032
36052
36070
36093
36102
36106
36110
36111
36126
36132
36151
36157
36164
36166
36174
36175
36183
36195
36232
36242
36262
36270
36290
36292
36310
36312
36337
36352
36365
36372
36382
36386
36392
36393
36397
36421
36423
36434
36468
36477
36481
36495
36504
36507
36528
36529
36552
36570
36572
36575
36581
36587
36588
36591
36601
36608
36619
36624
36643
36649
36678
36697
36706
36707
36727
36735
36754
36756
36770
36782
36796
36814
36815
36820
36826
36839
36861
36875
36885
36909
36910
36912
36917
36918
36923
36925
36932
36951
36988
36994
36996
37004
37006
37010
37022
37030
37032
37061
37074
37082
37091
37093
37100
37103
37106
37119
37120
37123
37130
37164
37177
37197
37211
37232
37261
37302
37317
37334
37336
37355
37357
37358
37363
37373
37404
37421
37425
37430
37431
37453
37468
37487
37501
37516
37518
37522
37523
37530
37536
37550
37570
37573
37608
37624
37630
37632
37633
37636
37649
37669
37688
37699
37702
37706
37707
37727
37747
37752
37755
37762
37763
37764
37768
37776
37777
37788
37789
37790
37794
37803
37814
37837
37855
37857
37861
37863
37885
37887
37911
37919
37920
37922
37935
37953
37956
37959
37969
37974
37984
37985
38004
38012
38045
38052
38089
38096
38120
38121
38126
38132
38150
38154
38167
38186
38267
38268
38310
38312
38320
38321
38325
38335
38338
38350
38362
38369
38374
38390
38391
38395
38401
38412
38420
38428
38446
38447
38476
38477
38478
38479
38481
38488
38498
38503
38507
38512
38527
38530
38536
38565
38581
38588
38608
38612
38620
38644
38648
38650
38652
38653
38660
38661
38662
38663
38671
38682
38701
38709
38725
38736
38780
38785
38792
38794
38799
38807
38844
38855
38873
38888
38890
38902
38903
38914
38915
38926
38941
38942
38944
38945
38960
38963
38980
38983
38990
39019
39024
39026
39044
39084
39089
39101
39118
39125
39173
39175
39181
39198
39202
39220
39225
39228
39251
39271
39282
39285
39289
39320
39322
39334
39350
39351
39352
39357
39369
39389
39397
39398
39403
39417
39437
39444
39459
39474
39475
39482
39490
39496
39501
39516
39528
39552
39561
39592
39598
39607
39625
39627
39628
39631
39645
39655
39661
39664
39671
39682
39712
39719
39720
39721
39730
39742
39743
39744
39751
39755
39766
39774
39784
39825
39831
39863
39874
39880
39913
39917
39929
39944
39952
39953
39959
39967
39969
39975
39988
39993
39995
40010
40015
40018
40027
40032
40034
40042
40046
40052
40073
40078
40080
40082
40101
40102
40114
40116
40121
40142
40153
40169
40211
40231
40240
40252
40254
40262
40266
40286
40288
40296
40313
40328
40330
40333
40339
40375
40382
40387
40395
40400
40417
40427
40433
40450
40455
40459
40461
40464
40465
40483
40486
40489
40497
40513
40516
40517
40518
40533
40539
40578
40580
40583
40588
40590
40596
40619
40621
40637
40645
40646
40651
40656
40658
40675
40679
40689
40690
40695
40704
40710
40736
40745
40752
40758
40768
40809
40814
40819
40835
40843
40865
40869
40893
40899
40902
40905
40908
40935
40937
40948
40951
40954
40956
40963
40964
40974
40976
41000
41004
41009
41024
41045
41052
41079
41082
41085
41121
41127
41150
41165
41168
41169
41181
41194
41198
41210
41213
41223
41238
41256
41266
41278
41291
41294
41300
41315
41317
41319
41330
41331
41338
41343
41345
41359
41363
41364
41385
41401
41409
41417
41424
41432
41444
41465
41487
41496
41501
41521
41522
41533
41541
41545
41547
41556
41566
41572
41576
41578
41589
41593
41596
41612
41617
41618
41651
41655
41660
41668
41710
41722
41736
41737
41752
41754
41767
41775
41779
41793
41812
41813
41848
41854
41869
41876
41886
41892
41907
41917
41923
41952
41954
41979
41982
41984
41985
41990
41993
41997
41999
42019
42037
42038
42042
42047
42053
42061
42090
42094
42102
42103
42108
42111
42117
42123
42135
42145
42147
42149
42150
42160
42163
42180
42185
42218
42243
42245
42270
42277
42278
42283
42292
42308
42311
42339
42341
42361
42379
42388
42396
42408
42424
42441
42442
42445
42460
42468
42471
42485
42498
42499
42501
42502
42509
42515
42516
42532
42542
42543
42560
42561
42566
42569
42571
42580
42581
42607
42629
42637
42683
42702
42712
42719
42728
42735
42741
42749
42751
42757
42761
42810
42828
42831
42850
42861
42870
42889
42916
42924
42931
42943
42944
42951
42959
42973
42979
42999
43011
43027
43051
43062
43064
43074
43078
43080
43081
43083
43092
43104
43107
43113
43114
43115
43116
43122
43125
43126
43131
43137
43165
43185
43201
43226
43228
43229
43233
43238
43243
43244
43249
43267
43271
43276
43308
43351
43357
43363
43364
43369
43381
43396
43408
43410
43420
43424
43434
43463
43474
43479
43486
43495
43513
43516
43538
43543
43558
43566
43577
43583
43594
43602
43611
43613
43625
43633
43635
43645
43655
43686
43690
43701
43710
43752
43755
43778
43793
43794
43801
43817
43820
43830
43832
43834
43836
43846
43860
43871
43880
43914
43928
43929
43939
43941
43950
43960
43967
43987
44007
44009
44032
44038
44044
44048
44068
44072
44091
44093
44094
44097
44120
44133
44139
44152
44154
44174
44175
44189
44211
44223
44245
44250
44257
44263
44278
44318
44333
44334
44346
44348
44349
44351
44352
44361
44369
44386
44390
44396
44400
44412
44442
44457
44462
44496
44501
44506
44510
44518
44524
44529
44543
44548
44551
44557
44563
44590
44594
44596
44614
44622
44624
44634
44652
44656
44660
44669
44672
44679
44684
44700
44702
44723
44734
44740
44742
44744
44762
44769
44772
44775
44776
44799
44817
44819
44863
44876
44880
44894
44904
44910
44913
44927
44928
44937
44941
44978
44980
44987
44988
44999
45004
45032
45061
45063
45066
45071
45105
45115
45118
45123
45130
45133
45145
45147
45151
45166
45195
45207
45210
45232
45238
45253
45255
45286
45287
45317
45324
45325
45338
45354
45377
45381
45383
45384
45390
45426
45429
45432
45452
45490
45493
45523
45531
45533
45538
45552
45565
45570
45615
45620
45626
45631
45670
45674
45679
45713
45717
45718
45725
45731
45736
45742
45744
45750
45764
45774
45778
45791
45799
45833
45851
45859
45861
45880
45885
45896
45898
45908
45923
45926
45928
45930
45939
45957
45972
45981
45992
46005
46009
46010
46018
46023
46032
46033
46034
46054
46066
46073
46100
46119
46121
46143
46164
46196
46200
46202
46212
46225
46228
46233
46234
46235
46242
46245
46257
46274
46286
46290
46307
46309
46312
46314
46327
46334
46343
46346
46351
46366
46377
46385
46399
46407
46419
46456
46463
46465
46469
46475
46483
46499
46500
46501
46504
46505
46520
46523
46526
46530
46546
46556
46557
46558
46564
46577
46582
46586
46598
46604
46613
46619
46621
46648
46649
46659
46673
46674
46692
46712
46724
46728
46734
46744
46748
46767
46772
46774
46777
46793
46797
46800
46808
46856
46875
46895
46910
46935
46938
46946
46962
46964
46966
46971
47011
47026
47049
47053
47071
47077
47080
47084
47091
47115
47116
47124
47130
47140
47159
47160
47179
47182
47187
47199
47234
47236
47242
47244
47245
47265
47282
47283
47289
47308
47314
47338
47341
47347
47380
47387
47389
47396
47397
47412
47417
47431
47434
47443
47471
47482
47493
47513
47530
47538
47555
47557
47597
47604
47633
47641
47659
47674
47675
47682
47685
47694
47699
47708
47713
47722
47730
47742
47747
47751
47759
47767
47774
47776
47782
47786
47800
47810
47812
47815
47818
47821
47826
47850
47857
47864
47869
47903
47904
47955
47960
47972
47974
47978
47981
47994
48027
48028
48033
48037
48039
48045
48048
48066
48104
48133
48142
48176
48181
48182
48185
48201
48205
48212
48234
48241
48246
48270
48274
48300
48302
48312
48329
48347
48357
48361
48362
48366
48367
48396
48399
48401
48456
48471
48482
48486
48491
48496
48511
48513
48515
48520
48526
48529
48536
48539
48551
48553
48558
48559
48563
48568
48572
48577
48586
48595
48601
48620
48634
48643
48647
48662
48665
48666
48682
48701
48712
48713
48727
48730
48744
48754
48767
48789
48814
48819
48827
48868
48877
48878
48880
48889
48900
48904
48905
48908
48916
48938
48944
48945
48947
48948
48951
48952
48972
48985
48999
49000
49006
49027
49032
49035
49045
49054
49095
49106
49114
49120
49124
49131
49139
49140
49144
49150
49152
49161
49162
49164
49176
49183
49195
49198
49204
49224
49226
49233
49237
49242
49251
49262
49265
49267
49275
49286
49288
49292
49294
49304
49306
49324
49326
49331
49344
49353
49408
49415
49417
49426
49437
49440
49462
49468
49475
49484
49489
49497
49498
49499
49502
49511
49514
49515
49521
49525
49530
49544
49551
49555
49559
49565
49567
49569
49575
49583
49604
49618
49636
49654
49656
49672
49674
49679
49681
49701
49702
49711
49714
49758
49767
49788
49803
49814
49815
49818
49836
49847
49871
49873
49884
49912
49922
49925
49934
49935
49939
49951
49953
49954
49962
49965
49997
50001
50011
50078
50080
50095
50097
50134
50162
50175
50182
50192
50203
50211
50218
50220
50236
50245
50266
50284
50292
50320
50324
50328
50337
50339
50340
50348
50350
50362
50365
50371
50390
50392
50418
50427
50444
50454
50477
50490
50493
50494
50505
50530
50533
50534
50537
50539
50540
50549
50566
50567
50605
50610
50612
50625
50632
50646
50666
50672
50673
50706
50712
50723
50724
50732
50742
50743
50750
50760
50767
50768
50770
50787
50791
50803
50813
50831
50847
50855
50882
50908
50913
50916
50926
50964
50976
50987
51012
51017
51019
51048
51060
51061
51064
51066
51079
51095
51117
51118
51138
51150
51157
51173
51231
51232
51233
51240
51245
51246
51258
51278
51285
51301
51315
51316
51328
51329
51331
51345
51364
51368
51403
51457
51475
51476
51487
51488
51495
51500
51512
51513
51523
51524
51528
51541
51550
51554
51556
51568
51592
51595
51606
51610
51612
51635
51664
51672
51683
51684
51685
51686
51695
51698
51707
51716
51726
51728
51739
51745
51752
51762
51763
51767
51768
51776
51784
51822
51823
51825
51835
51841
51846
51849
51856
51869
51878
51879
51885
51892
51895
51897
51902
51904
51906
51907
51908
51926
51927
51930
51937
51943
51944
51959
51962
51964
51968
51974
51988
51998
51999
52004
52005
52008
52024
52028
52030
52031
52042
52043
52055
52074
52081
52085
52107
52108
52120
52121
52123
52131
52132
52145
52146
52168
52177
52178
52202
52203
52206
52221
52247
52252
52262
52280
52284
52288
52301
52302
52305
52306
52319
52327
52341
52373
52378
52382
52412
52413
52416
52429
52444
52447
52459
52461
52463
52471
52510
52514
52540
52556
52562
52564
52565
52569
52570
52599
52602
52631
52655
52663
52671
52683
52692
52696
52722
52724
52727
52742
52743
52744
52754
52760
52768
52804
52815
52819
52821
52824
52825
52826
52829
52842
52849
52874
52921
52934
52939
52963
52976
52978
52989
52991
52997
53001
53019
53036
53047
53048
53062
53064
53066
53082
53097
53107
53109
53116
53122
53127
53129
53136
53144
53154
53158
53163
53172
53186
53189
53205
53211
53218
53251
53253
53254
53270
53272
53273
53276
53277
53288
53294
53298
53300
53320
53321
53335
53336
53339
53346
53349
53350
53353
53362
53375
53378
53393
53412
53414
53438
53445
53458
53469
53473
53480
53488
53530
53533
53549
53554
53562
53572
53583
53585
53594
53595
53602
53607
53622
53628
53666
53678
53683
53699
53700
53722
53726
53730
53733
53741
53773
53774
53781
53792
53793
53801
53804
53812
53824
53831
53852
53855
53857
53858
53863
53865
53913
53914
53917
53926
53930
53947
53948
53951
53961
53963
53974
53982
53983
53984
53994
54020
54032
54042
54052
54064
54065
54066
54067
54068
54069
54079
54088
54090
54092
54119
54125
54133
54161
54197
54204
54206
54210
54241
54243
54253
54264
54315
54317
54327
54330
54333
54349
54351
54352
54373
54378
54391
54404
54415
54424
54436
54438
54443
54446
54447
54450
54455
54459
54460
54461
54470
54483
54488
54520
54543
54558
54560
54567
54576
54580
54582
54583
54584
54585
54588
54591
54600
54614
54632
54633
54666
54680
54700
54710
54730
54750
54752
54756
54768
54775
54776
54785
54805
54816
54831
54837
54842
54849
54852
54858
54869
54870
54871
54878
54883
54903
54913
54931
54959
54984
54986
54999
55007
55019
55024
55029
55030
55034
55035
55039
55044
55045
55071
55072
55103
55111
55126
55139
55156
55161
55165
55188
55190
55191
55208
55243
55244
55251
55262
55287
55302
55309
55317
55318
55327
55333
55348
55356
55381
55390
55394
55395
55400
55419
55421
55423
55439
55443
55446
55454
55456
55459
55468
55487
55504
55511
55516
55533
55538
55568
55610
55613
55641
55662
55668
55671
55675
55693
55696
55700
55721
55726
55735
55757
55770
55772
55779
55802
55832
55833
55836
55839
55841
55844
55847
55882
55883
55889
55896
55904
55930
55932
55945
55953
55973
55979
55986
55998
56011
56013
56019
56026
56036
56069
56071
56087
56089
56095
56103
56105
56119
56126
56139
56172
56175
56187
56194
56196
56199
56210
56211
56220
56231
56267
56269
56285
56290
56292
56294
56315
56319
56338
56349
56353
56356
56386
56389
56395
56399
56403
56415
56421
56422
56423
56433
56435
56448
56449
56456
56463
56467
56469
56474
56494
56516
56523
56528
56534
56547
56550
56590
56598
56604
56643
56645
56681
56684
56685
56702
56705
56731
56750
56763
56769
56773
56775
56781
56783
56786
56798
56821
56827
56831
56845
56857
56865
56870
56874
56906
56908
56910
56916
56932
56943
56946
56950
56966
56986
56990
57008
57021
57051
57052
57075
57082
57087
57089
57101
57103
57108
57110
57122
57146
57150
57151
57152
57160
57176
57184
57207
57209
57212
57214
57217
57219
57236
57247
57249
57266
57286
57291
57307
57313
57314
57319
57320
57359
57369
57370
57397
57402
57412
57413
57420
57426
57436
57450
57451
57470
57476
57477
57482
57491
57499
57500
57508
57513
57520
57521
57526
57542
57566
57567
57579
57592
57600
57617
57638
57643
57661
57678
57679
57684
57685
57708
57715
57723
57733
57735
57747
57759
57760
57768
57783
57797
57825
57835
57845
57847
57857
57860
57861
57864
57873
57894
57895
57901
57932
57937
57939
57948
57950
57957
57968
57976
57979
57981
57986
57993
58002
58004
58008
58014
58052
58056
58057
58061
58076
58090
58097
58099
58103
58109
58110
58122
58125
58145
58180
58204
58220
58233
58239
58241
58243
58248
58271
58279
58281
58297
58316
58317
58324
58334
58341
58358
58365
58373
58382
58389
58396
58398
58400
58402
58405
58408
58420
58447
58449
58459
58486
58526
58537
58538
58565
58573
58578
58585
58589
58602
58627
58636
58640
58647
58651
58659
58661
58669
58672
58692
58695
58697
58710
58712
58727
58732
58739
58752
58765
58788
58799
58800
58809
58811
58815
58845
58861
58892
58898
58916
58924
58931
58935
58938
58954
58965
58972
58983
58990
59003
59033
59042
59047
59062
59082
59084
59099
59107
59114
59126
59137
59143
59145
59151
59156
59176
59187
59200
59217
59222
59233
59239
59251
59255
59262
59283
59292
59294
59304
59314
59334
59337
59343
59350
59358
59384
59393
59412
59421
59422
59436
59440
59444
59452
59457
59476
59481
59486
59487
59488
59489
59491
59498
59499
59508
59510
59512
59513
59516
59521
59524
59528
59556
59560
59562
59567
59570
59579
59593
59597
59603
59611
59615
59627
59630
59660
59671
59684
59719
59722
59737
59738
59765
59778
59780
59785
59793
59817
59853
59856
59877
59922
59935
59944
59948
59949
59961
59974
59988
60013
60015
60032
60038
60043
60050
60070
60079
60091
60106
60107
60111
60115
60120
60122
60132
60134
60155
60157
60158
60175
60196
60216
60228
60233
60239
60246
60258
60279
60281
60285
60290
60302
60306
60309
60310
60317
60346
60354
60361
60379
60380
60393
60399
60410
60412
60418
60442
60443
60463
60473
60477
60480
60482
60486
60496
60507
60511
60521
60523
60532
60534
60539
60552
60575
60576
60577
60590
60593
60608
60617
60634
60644
60661
60672
60677
60688
60692
60702
60712
60730
60740
60744
60749
60757
60758
60779
60796
60800
60826
60832
60839
60845
60851
60852
60854
60870
60876
60878
60892
60904
60908
60909
60912
60915
60916
60925
60926
60930
60943
60947
60977
60981
61010
61054
61055
61065
61068
61071
61075
61149
61169
61183
61200
61205
61208
61223
61245
61276
61296
61306
61321
61323
61328
61355
61356
61358
61371
61398
61406
61407
61410
61429
61439
61445
61453
61454
61457
61462
61465
61490
61496
61500
61530
61534
61548
61551
61556
61559
61568
61569
61580
61586
61615
61626
61630
61640
61641
61654
61672
61700
61722
61729
61732
61736
61743
61757
61769
61808
61821
61832
61833
61867
61902
61932
61940
61949
61954
61968
61970
61974
61978
62009
62011
62014
62050
62076
62088
62104
62115
62121
62148
62158
62163
62169
62176
62184
62203
62229
62237
62241
62243
62249
62257
62259
62298
62301
62338
62351
62386
62400
62409
62410
62412
62421
62422
62423
62432
62433
62439
62466
62469
62501
62507
62509
62512
62521
62524
62528
62529
62532
62537
62538
62549
62563
62579
62589
62601
62637
62674
62676
62682
62690
62692
62699
62720
62734
62735
62741
62754
62767
62783
62795
62796
62803
62810
62818
62823
62846
62850
62862
62863
62878
62880
62890
62891
62901
62933
62935
62936
62944
62954
62956
62978
62982
62983
62984
62989
62991
63002
63004
63012
63017
63037
63038
63044
63051
63055
63097
63102
63103
63107
63111
63116
63137
63154
63171
63178
63182
63198
63205
63217
63225
63230
63234
63239
63244
63265
63271
63273
63274
63276
63279
63289
63302
63304
63306
63319
63328
63334
63335
63348
63354
63355
63369
63378
63382
63390
63407
63413
63460
63481
63487
63498
63518
63523
63532
63534
63536
63539
63545
63550
63555
63581
63590
63591
63603
63606
63608
63610
63612
63623
63637
63655
63660
63670
63688
63712
63719
63740
63744
63757
63795
63807
63809
63824
63837
63846
63862
63877
63885
63892
63906
63912
63919
63922
63937
63953
63966
63980
63990
63999
64000
64001
64004
64007
64010
64018
64022
64023
64027
64033
64043
64044
64055
64059
64061
64062
64068
64083
64089
64091
64108
64115
64118
64132
64134
64136
64139
64153
64163
64170
64177
64179
64184
64188
64200
64206
64211
64212
64218
64230
64235
64245
64253
64254
64268
64283
64285
64286
64297
64302
64307
64309
64314
64317
64329
64349
64356
64366
64372
64398
64411
64414
64435
64437
64444
64457
64462
64510
64517
64518
64520
64528
64543
64553
64555
64557
64560
64562
64571
64572
64603
64608
64611
64618
64621
64633
64651
64662
64664
64667
64669
64672
64695
64704
64705
64706
64715
64726
64732
64742
64752
64753
64778
64794
64796
64798
64823
64825
64845
64856
64882
64884
64894
64905
64913
64927
64929
64942
64950
64968
64973
64984
65041
65050
65061
65068
65070
65094
65095
65096
65104
65105
65109
65111
65124
65136
65150
65157
65168
65189
65192
65199
65200
65205
65228
65241
65264
65273
65276
65296
65298
65311
65313
65320
65322
65329
65338
65339
65357
65369
65381
65384
65385
65390
65408
65438
65452
65454
65486
65491
65508
65520
65527
65533
65556
65557
65565
65581
65586
65600
65605
65612
65614
65627
65630
65643
65655
65657
65667
65670
65677
65680
65704
65708
65711
65721
65722
65733
65740
65743
65752
65755
65759
65769
65775
65783
65787
65788
65796
65802
65812
65815
65818
65828
65829
65853
65860
65861
65873
65879
65887
65904
65906
65927
65932
65938
65943
65955
65963
65964
65974
65986
65997
66010
66021
66028
66044
66050
66061
66157
66184
66196
66202
66211
66212
66227
66236
66239
66253
66272
66277
66286
66302
66309
66312
66316
66324
66326
66330
66333
66337
66344
66356
66372
66376
66378
66400
66402
66416
66444
66450
66459
66481
66485
66489
66497
66515
66516
66535
66537
66554
66563
66569
66582
66594
66596
66605
66620
66622
66626
66639
66644
66667
66673
66676
66683
66703
66736
66759
66766
66772
66774
66786
66787
66804
66807
66812
66824
66827
66849
66883
66886
66891
66925
66935
66963
66966
66970
66971
66979
66986
66989
66993
67020
67025
67027
67028
67032
67039
67047
67055
67073
67080
67094
67111
67122
67130
67160
67169
67173
67175
67185
67187
67191
67201
67202
67220
67225
67229
67231
67232
67247
67262
67277
67280
67281
67290
67297
67303
67312
67325
67340
67366
67371
67376
67379
67382
67385
67402
67416
67418
67420
67447
67479
67490
67496
67523
67541
67546
67554
67555
67569
67578
67581
67584
67595
67602
67607
67610
67616
67623
67630
67640
67652
67658
67659
67687
67704
67707
67733
67747
67752
67762
67765
67770
67774
67779
67782
67812
67822
67849
67852
67888
67900
67909
67940
67963
67981
67987
67988
67992
67994
68005
68018
68043
68046
68073
68074
68076
68096
68097
68098
68103
68107
68111
68114
68134
68160
68173
68179
68186
68195
68198
68203
68206
68225
68239
68240
68244
68245
68263
68270
68328
68331
68332
68340
68351
68353
68354
68368
68377
68384
68398
68402
68421
68423
68424
68428
68431
68433
68439
68445
68448
68459
68473
68475
68484
68486
68494
68505
68513
68515
68516
68560
68562
68565
68580
68591
68615
68623
68626
68633
68634
68649
68654
68666
68671
68672
68673
68689
68692
68701
68707
68725
68730
68736
68750
68766
68769
68791
68800
68811
68850
68858
68872
68874
68908
68922
68926
68998
69012
69013
69017
69021
69028
69050
69053
69064
69075
69083
69095
69100
69110
69125
69133
69169
69171
69173
69183
69191
69206
69213
69233
69235
69242
69244
69247
69248
69258
69260
69262
69263
69267
69302
69304
69310
69328
69345
69353
69367
69369
69370
69371
69403
69427
69432
69435
69439
69445
69446
69452
69453
69462
69465
69469
69472
69505
69508
69510
69512
69530
69550
69553
69560
69564
69572
69579
69581
69586
69589
69597
69600
69604
69606
69626
69633
69643
69645
69658
69663
69687
69696
69699
69700
69707
69709
69714
69722
69724
69755
69768
69771
69782
69784
69794
69798
69810
69813
69876
69880
69883
69890
69901
69910
69919
69931
69933
69947
69958
69962
69978
69985
70005
70009
70015
70023
70034
70035
70050
70060
70065
70092
70093
70094
70104
70111
70130
70131
70162
70166
70169
70184
70194
70197
70206
70217
70229
70246
70269
70272
70283
70288
70317
70325
70330
70331
70332
70337
70338
70348
70353
70357
70367
70373
70374
70375
70398
70399
70401
70421
70433
70437
70451
70474
70476
70479
70481
70482
70533
70557
70560
70565
70572
70583
70592
70603
70605
70616
70631
70644
70647
70654
70675
70678
70679
70682
70706
70707
70713
70714
70718
70723
70735
70743
70745
70751
70752
70761
70774
70790
70791
70804
70816
70828
70834
70863
70864
70868
70870
70877
70882
70900
70914
70921
70922
70924
70925
70937
70965
70972
70979
70983
71007
71021
71025
71028
71035
71053
71071
71072
71081
71082
71094
71106
71116
71130
71153
71154
71160
71162
71166
71173
71180
71256
71258
71265
71274
71316
71320
71333
71338
71342
71349
71350
71353
71354
71358
71378
71395
71403
71405
71410
71412
71416
71419
71431
71442
71448
71450
71452
71460
71462
71470
71474
71476
71477
71492
71505
71514
71564
71568
71573
71574
71582
71589
71596
71608
71610
71611
71612
71621
71626
71632
71634
71653
71675
71680
71683
71690
71697
71707
71708
71720
71727
71754
71764
71775
71779
71786
71810
71821
71831
71846
71850
71900
71902
71907
71912
71915
71917
71920
71937
71988
71998
72003
72012
72018
72026
72027
72028
72033
72035
72037
72046
72049
72054
72060
72076
72079
72085
72088
72089
72097
72107
72120
72128
72137
72142
72144
72149
72154
72175
72185
72188
72203
72208
72220
72229
72244
72248
72249
72264
72284
72292
72297
72303
72318
72322
72331
72345
72352
72368
72373
72375
72394
72414
72417
72424
72435
72437
72440
72454
72464
72484
72496
72516
72526
72534
72536
72546
72550
72563
72569
72579
72584
72588
72592
72596
72618
72639
72647
72676
72687
72692
72694
72716
72777
72804
72807
72831
72840
72860
72870
72880
72883
72902
72916
72936
72938
72941
72946
72951
72954
72970
72983
72992
73004
73022
73023
73025
73046
73048
73067
73118
73120
73135
73145
73163
73169
73176
73178
73179
73186
73187
73188
73195
73202
73223
73225
73226
73229
73236
73239
73251
73254
73287
73316
73321
73335
73347
73365
73375
73382
73391
73392
73403
73415
73433
73438
73458
73460
73464
73483
73487
73499
73504
73522
73525
73526
73538
73539
73543
73545
73548
73557
73596
73608
73619
73634
73639
73651
73652
73716
73718
73746
73747
73764
73766
73774
73778
73779
73800
73801
73804
73822
73835
73857
73871
73875
73880
73884
73888
73901
73914
73916
73922
73923
73931
73944
73946
73959
73961
73972
73978
73989
73992
73994
74001
74017
74019
74027
74041
74044
74049
74051
74086
74093
74119
74139
74158
74163
74169
74203
74205
74214
74230
74254
74256
74264
74282
74293
74300
74334
74363
74369
74380
74382
74383
74387
74399
74408
74422
74447
74454
74455
74470
74474
74485
74486
74490
74493
74497
74499
74505
74520
74524
74533
74543
74557
74563
74595
74614
74645
74651
74657
74663
74665
74693
74698
74727
74737
74768
74807
74821
74823
74824
74829
74859
74861
74890
74900
74908
74909
74927
74949
74951
74953
74964
74967
74971
74998
75002
75005
75011
75018
75028
75031
75040
75050
75078
75085
75086
75099
75109
75135
75159
75161
75182
75190
75194
75210
75218
75222
75228
75236
75240
75263
75267
75269
75286
75316
75329
75333
75344
75353
75361
75367
75376
75378
75387
75392
75397
75399
75425
75444
75449
75456
75461
75462
75474
75491
75495
75500
75529
75530
75533
75541
75581
75602
75615
75619
75621
75625
75635
75643
75658
75676
75685
75691
75699
75700
75722
75725
75735
75737
75742
75755
75758
75767
75783
75786
75787
75793
75801
75802
75808
75811
75820
75823
75826
75836
75843
75851
75860
75874
75896
75916
75931
75939
75946
75953
75954
75986
75993
76003
76006
76009
76020
76021
76035
76053
76058
76061
76063
76070
76071
76086
76090
76094
76113
76117
76146
76161
76164
76184
76185
76194
76199
76204
76213
76217
76223
76236
76238
76249
76259
76285
76297
76308
76313
76338
76360
76361
76368
76370
76377
76397
76412
76416
76436
76461
76467
76491
76502
76527
76547
76548
76553
76573
76581
76595
76600
76637
76643
76645
76649
76662
76668
76670
76673
76698
76705
76710
76711
76712
76716
76729
76736
76739
76741
76759
76764
76770
76779
76793
76795
76796
76803
76812
76814
76821
76822
76831
76834
76835
76850
76852
76864
76889
76896
76904
76932
76942
76948
76971
76982
76999
77006
77007
77010
77021
77028
77040
77043
77045
77057
77058
77061
77062
77095
77107
77119
77138
77145
77152
77156
77161
77193
77202
77209
77210
77216
77221
77222
77244
77247
77261
77262
77284
77285
77295
77315
77352
77372
77383
77391
77396
77397
77404
77430
77433
77439
77443
77449
77455
77467
77474
77480
77484
77500
77520
77543
77548
77588
77591
77595
77606
77627
77660
77680
77683
77688
77692
77708
77712
77717
77732
77735
77761
77763
77782
77785
77792
77808
77816
77828
77840
77867
77881
77885
77888
77903
77907
77910
77912
77913
77926
77943
77948
77950
77988
77990
77995
77997
77999
78000
78006
78009
78017
78019
78024
78044
78047
78054
78079
78081
78084
78091
78092
78095
78097
78107
78120
78133
78147
78148
78156
78161
78175
78185
78187
78194
78221
78264
78283
78291
78321
78323
78352
78354
78360
78363
78365
78369
78376
78384
78397
78399
78407
78413
78420
78426
78431
78433
78434
78457
78465
78473
78476
78491
78532
78560
78573
78578
78584
78595
78597
78607
78611
78615
78619
78621
78641
78656
78657
78666
78670
78671
78685
78686
78691
78693
78698
78711
78721
78727
78729
78760
78768
78779
78785
78814
78823
78852
78857
78858
78877
78884
78892
78898
78903
78905
78906
78969
78981
78983
78996
79007
79011
79013
79063
79064
79072
79079
79083
79089
79100
79114
79168
79171
79174
79179
79181
79184
79185
79211
79217
79221
79236
79251
79259
79284
79285
79305
79327
79332
79342
79345
79374
79375
79382
79384
79394
79405
79409
79433
79441
79468
79469
79488
79506
79508
79519
79526
79527
79532
79538
79547
79555
79590
79593
79611
79617
79626
79641
79644
79655
79668
79682
79687
79690
79692
79695
79698
79708
79709
79711
79713
79717
79723
79726
79749
79758
79763
79800
79814
79820
79825
79828
79852
79855
79874
79893
79932
79935
79949
79952
79956
79958
79963
79972
79978
79980
79989
80004
80005
80006
80027
80028
80035
80043
80044
80053
80063
80067
80071
80072
80073
80075
80086
80099
80110
80112
80129
80132
80152
80154
80197
80228
80251
80269
80272
80275
80281
80283
80286
80309
80310
80342
80347
80355
80362
80375
80384
80385
80405
80410
80416
80418
80421
80431
80439
80448
80457
80463
80471
80485
80508
80512
80525
80527
80539
80585
80591
80601
80618
80639
80645
80663
80665
80680
80686
80687
80688
80689
80693
80696
80698
80727
80731
80751
80767
80770
80772
80779
80783
80805
80827
80828
80829
80833
80836
80843
80851
80879
80885
80898
80928
80955
80972
80979
80980
80982
80983
81000
81003
81029
81032
81052
81072
81100
81115
81126
81129
81140
81153
81159
81162
81163
81201
81207
81212
81213
81230
81237
81245
81271
81272
81277
81295
81314
81324
81339
81357
81370
81371
81376
81378
81383
81386
81389
81399
81408
81419
81422
81423
81425
81439
81456
81459
81460
81480
81484
81494
81498
81508
81511
81521
81529
81532
81540
81541
81543
81547
81550
81563
81588
81613
81619
81633
81650
81662
81671
81677
81688
81695
81709
81721
81723
81733
81737
81739
81751
81767
81771
81774
81776
81789
81790
81817
81822
81832
81843
81872
81875
81879
81892
81895
81901
81910
81918
81932
81941
81954
81955
81956
82003
82004
82005
82007
82018
82037
82048
82050
82059
82063
82066
82074
82077
82086
82087
82088
82094
82133
82134
82145
82158
82162
82177
82187
82200
82208
82220
82228
82238
82241
82265
82288
82290
82308
82314
82331
82336
82339
82342
82350
82352
82354
82360
82362
82366
82368
82387
82398
82406
82417
82419
82432
82433
82463
82465
82471
82474
82475
82493
82497
82498
82504
82508
82525
82539
82542
82552
82554
82555
82563
82595
82598
82599
82605
82609
82611
82632
82638
82645
82664
82681
82697
82698
82707
82710
82728
82729
82732
82735
82741
82754
82774
82780
82782
82788
82803
82821
82825
82828
82837
82853
82926
82954
82975
82993
82998
83002
83008
83010
83013
83027
83047
83054
83057
83073
83080
83091
83098
83104
83114
83115
83120
83122
83123
83124
83142
83148
83173
83176
83190
83191
83211
83256
83257
83260
83262
83268
83288
83290
83299
83327
83333
83335
83360
83371
83379
83421
83443
83448
83489
83519
83520
83524
83530
83532
83545
83550
83559
83587
83594
83598
83613
83644
83665
83672
83682
83686
83699
83701
83720
83727
83729
83738
83739
83761
83767
83772
83788
83811
83821
83823
83829
83846
83868
83877
83904
83911
83923
83925
83927
83929
83938
83943
83976
83988
84001
84057
84062
84074
84086
84089
84092
84097
84102
84116
84126
84138
84146
84154
84156
84157
84158
84179
84184
84201
84213
84217
84250
84251
84255
84271
84285
84292
84297
84298
84336
84339
84345
84361
84387
84395
84399
84405
84409
84445
84450
84454
84459
84469
84479
84490
84493
84506
84519
84524
84527
84568
84569
84572
84578
84585
84599
84613
84616
84621
84639
84693
84702
84707
84716
84720
84727
84728
84748
84759
84760
84786
84789
84797
84807
84820
84824
84828
84834
84837
84854
84868
84870
84881
84907
84911
84913
84921
84930
84938
84941
84952
84955
84969
84980
84983
84992
84997
85011
85013
85020
85025
85027
85028
85056
85071
85073
85080
85084
85091
85092
85104
85152
85162
85167
85169
85179
85185
85195
85210
85215
85240
85259
85262
85297
85309
85314
85338
85340
85341
85353
85373
85374
85377
85405
85418
85440
85463
85464
85467
85473
85496
85498
85523
85524
85533
85538
85551
85553
85570
85574
85588
85590
85594
85595
85600
85611
85616
85631
85648
85653
85662
85663
85680
85687
85691
85699
85700
85701
85720
85721
85758
85770
85781
85798
85815
85829
85843
85863
85867
85880
85887
85924
85927
85933
85935
85937
85947
85949
85955
85963
85968
85975
85976
85980
85988
86009
86010
86014
86018
86035
86041
86042
86066
86068
86106
86108
86111
86124
86135
86139
86140
86163
86168
86179
86186
86189
86190
86207
86211
86228
86238
86239
86241
86279
86293
86295
86300
86307
86322
86323
86379
86383
86396
86400
86402
86409
86411
86422
86464
86471
86472
86494
86502
86512
86520
86534
86535
86537
86547
86554
86558
86570
86576
86580
86588
86592
86599
86607
86609
86611
86613
86615
86629
86637
86652
86664
86667
86669
86674
86703
86709
86721
86722
86750
86761
86762
86775
86791
86799
86805
86817
86818
86822
86827
86832
86834
86844
86846
86859
86867
86872
86885
86887
86890
86902
86927
86930
86941
86947
86970
86971
87011
87021
87031
87061
87077
87085
87101
87109
87111
87119
87125
87139
87177
87180
87182
87188
87200
87203
87204
87208
87218
87237
87240
87247
87256
87259
87268
87274
87278
87337
87352
87377
87410
87411
87417
87418
87424
87425
87426
87429
87439
87445
87447
87454
87472
87476
87481
87484
87486
87497
87514
87519
87525
87541
87545
87577
87584
87587
87594
87595
87597
87601
87604
87645
87652
87653
87655
87658
87666
87669
87675
87676
87679
87695
87707
87712
87729
87736
87750
87752
87767
87775
87776
87785
87787
87794
87798
87803
87808
87814
87821
87826
87830
87836
87842
87847
87864
87872
87878
87879
87893
87895
87899
87912
87914
87921
87923
87931
87934
87954
87956
87957
87965
88008
88014
88023
88040
88048
88083
88088
88100
88101
88107
88110
88125
88139
88145
88154
88156
88163
88174
88184
88185
88188
88204
88208
88224
88225
88238
88247
88248
88265
88279
88281
88295
88296
88305
88316
88339
88377
88378
88379
88390
88391
88392
88393
88398
88399
88402
88432
88437
88459
88467
88470
88471
88475
88501
88522
88528
88530
88538
88558
88568
88573
88574
88582
88603
88605
88644
88645
88655
88661
88668
88678
88698
88700
88717
88722
88724
88726
88730
88753
88762
88764
88781
88794
88809
88817
88822
88825
88834
88842
88844
88857
88859
88861
88862
88876
88882
88890
88894
88903
88914
88917
88929
88941
88957
88958
89013
89038
89056
89059
89062
89070
89095
89122
89131
89134
89144
89164
89185
89192
89195
89198
89203
89205
89223
89225
89237
89243
89257
89260
89273
89276
89278
89284
89288
89308
89311
89313
89315
89329
89338
89357
89360
89364
89367
89392
89417
89422
89434
89446
89457
89473
89475
89480
89482
89492
89493
89496
89515
89519
89522
89528
89534
89540
89554
89558
89563
89574
89580
89584
89589
89599
89605
89620
89622
89666
89671
89672
89681
89682
89693
89745
89776
89781
89798
89830
89831
89842
89866
89868
89871
89878
89887
89888
89897
89899
89913
89930
89947
89954
89955
89956
89972
89978
89990
90010
90011
90014
90027
90035
90039
90042
90079
90088
90102
90109
90112
90114
90121
90122
90126
90149
90154
90155
90159
90172
90203
90206
90218
90244
90250
90278
90289
90291
90301
90312
90316
90317
90333
90343
90350
90352
90357
90359
90365
90370
90371
90383
90409
90420
90441
90446
90468
90475
90512
90525
90563
90586
90587
90597
90599
90605
90609
90611
90613
90614
90615
90626
90628
90630
90646
90655
90682
90700
90713
90718
90720
90731
90734
90735
90751
90764
90774
90787
90800
90804
90805
90829
90831
90847
90857
90858
90906
90911
90913
90945
90955
90960
90967
90979
90981
90989
90994
90995
91000
91010
91011
91015
91022
91026
91036
91037
91046
91052
91064
91071
91074
91075
91090
91106
91110
91118
91137
91142
91169
91183
91184
91187
91188
91192
91195
91204
91219
91222
91224
91239
91248
91256
91257
91302
91328
91336
91347
91358
91369
91370
91371
91374
91381
91423
91428
91446
91448
91451
91456
91459
91469
91470
91473
91479
91487
91495
91504
91508
91515
91519
91531
91537
91539
91542
91555
91558
91567
91579
91582
91598
91605
91612
91615
91621
91626
91628
91659
91665
91672
91695
91696
91700
91702
91706
91716
91727
91731
91744
91755
91765
91782
91786
91792
91801
91805
91815
91827
91832
91839
91841
91846
91847
91852
91876
91894
91897
91902
91917
91947
91964
91966
91968
91981
91983
91984
91987
92006
92015
92021
92038
92041
92076
92089
92093
92110
92122
92124
92136
92139
92151
92188
92195
92198
92219
92228
92231
92234
92242
92251
92258
92265
92269
92270
92276
92286
92292
92319
92353
92360
92362
92366
92388
92395
92399
92406
92409
92411
92417
92419
92426
92428
92436
92442
92448
92452
92465
92473
92477
92491
92504
92508
92511
92531
92532
92541
92548
92549
92550
92551
92558
92573
92577
92580
92589
92592
92625
92630
92637
92647
92653
92654
92663
92664
92665
92667
92674
92676
92686
92688
92689
92697
92702
92720
92723
92730
92736
92746
92752
92756
92757
92771
92796
92809
92817
92821
92823
92824
92832
92850
92856
92857
92878
92885
92903
92930
92953
92954
92956
92961
92962
92969
92976
92981
92983
92984
92994
93002
93006
93015
93021
93025
93042
93044
93052
93058
93073
93075
93090
93091
93094
93095
93098
93123
93133
93136
93140
93146
93151
93157
93170
93176
93224
93231
93234
93244
93251
93259
93272
93273
93285
93309
93341
93358
93360
93371
93393
93395
93400
93405
93431
93444
93448
93450
93458
93459
93464
93466
93479
93487
93490
93492
93495
93541
93567
93578
93581
93582
93586
93587
93593
93604
93627
93637
93639
93644
93650
93654
93659
93673
93678
93680
93683
93691
93712
93741
93743
93746
93759
93781
93799
93807
93815
93851
93859
93862
93863
93867
93872
93873
93874
93884
93886
93889
93896
93903
93907
93918
93940
93946
93947
93958
93971
93974
93993
94001
94008
94045
94075
94077
94081
94083
94092
94095
94103
94111
94128
94129
94148
94158
94161
94182
94183
94185
94215
94228
94233
94246
94254
94297
94311
94323
94326
94347
94353
94359
94369
94371
94377
94386
94388
94394
94397
94455
94458
94464
94471
94473
94482
94484
94511
94521
94528
94536
94544
94548
94574
94577
94585
94609
94628
94632
94651
94660
94682
94695
94703
94731
94736
94740
94743
94747
94767
94790
94798
94799
94805
94809
94810
94813
94820
94822
94824
94837
94838
94851
94878
94890
94892
94898
94899
94900
94901
94907
94940
94949
94950
94977
94994
95009
95057
95077
95078
95082
95091
95096
95102
95122
95140
95152
95154
95157
95169
95172
95176
95179
95187
95191
95193
95212
95252
95253
95262
95265
95267
95274
95277
95293
95300
95301
95307
95333
95342
95353
95356
95358
95362
95367
95383
95387
95388
95397
95398
95422
95434
95436
95461
95483
95487
95498
95500
95502
95503
95508
95511
95515
95529
95533
95535
95562
95578
95590
95596
95603
95610
95632
95636
95640
95661
95673
95703
95710
95712
95716
95725
95730
95740
95751
95761
95764
95786
95787
95794
95803
95815
95829
95833
95835
95837
95846
95848
95852
95861
95862
95878
95883
95885
95911
95934
95942
95964
95968
95978
96017
96056
96074
96086
96087
96093
96123
96125
96127
96132
96137
96148
96152
96155
96162
96189
96190
96192
96198
96220
96240
96251
96253
96262
96269
96270
96280
96298
96304
96315
96322
96327
96340
96344
96347
96354
96356
96378
96379
96384
96385
96391
96401
96405
96435
96453
96457
96459
96466
96470
96495
96498
96500
96507
96510
96513
96521
96528
96541
96549
96555
96560
96564
96565
96569
96573
96589
96591
96619
96641
96657
96668
96682
96694
96708
96737
96761
96763
96765
96767
96789
96793
96809
96823
96824
96878
96880
96888
96890
96896
96897
96905
96914
96915
96928
96937
96939
96941
96947
96971
96972
96975
96976
96981
96983
96991
97005
97006
97015
97016
97047
97061
97062
97070
97088
97099
97113
97121
97146
97161
97162
97168
97178
97179
97181
97200
97214
97215
97221
97232
97257
97272
97278
97281
97283
97295
97342
97358
97367
97376
97384
97385
97391
97423
97448
97469
97474
97504
97538
97544
97548
97562
97585
97595
97605
97608
97655
97662
97674
97680
97681
97699
97718
97738
97762
97776
97782
97838
97849
97850
97856
97857
97886
97896
97906
97914
97917
97918
97924
97928
97930
97931
97939
97946
97948
97977
97999
98025
98027
98049
98052
98054
98103
98107
98116
98137
98153
98159
98166
98172
98174
98178
98199
98200
98211
98218
98230
98233
98247
98254
98259
98279
98285
98297
98307
98311
98320
98332
98333
98353
98360
98363
98375
98380
98385
98404
98417
98420
98424
98436
98468
98479
98497
98501
98510
98517
98518
98528
98548
98558
98565
98566
98567
98591
98601
98613
98615
98624
98628
98642
98650
98669
98685
98688
98689
98702
98705
98713
98718
98733
98743
98748
98753
98786
98788
98806
98810
98817
98839
98842
98860
98866
98890
98894
98910
98915
98923
98932
98943
98944
98948
98976
98980
98994
99008
99009
99011
99021
99025
99031
99038
99073
99083
99107
99122
99125
99147
99152
99173
99177
99180
99182
99185
99198
99230
99245
99257
99274
99283
99284
99311
99312
99313
99316
99338
99359
99372
99378
99382
99397
99436
99446
99460
99467
99480
99486
99492
99498
99534
99550
99572
99574
99593
99594
99610
99618
99626
99630
99635
99655
99656
99666
99668
99673
99675
99680
99694
99697
99718
99726
99769
99770
99771
99819
99821
99838
99842
99845
99873
99877
99897
99898
99900
99908
99911
99965
99980
99981
99982
99983
99988
99998
100001
100002
100008
100012
100015
100023
100025
100034
100042
100053
100078
100079
100088
100090
100094
100096
100124
100134
100138
100146
100155
100161
100162
100174
100175
100176
100181
100197
100204
100210
100214
100228
100236
100239
100244
100251
100257
100273
100288
100297
100306
100318
100338
100342
100346
100348
100369
100372
100373
100385
100393
100396
100421
100426
100429
100466
100477
100484
100503
100508
100512
100518
100551
100560
100571
100581
100586
100587
100599
100602
100604
100615
100622
100631
100643
100648
100669
100672
100701
100702
100707
100719
100741
100746
100753
100758
100761
100764
100766
100780
100800
100804
100809
100816
100823
100825
100832
100843
100846
100847
100866
100867
100869
100875
100890
100897
100901
100907
100943
100949
100955
100958
100963
100972
100981
100986
100999
101004
101018
101024
101042
101058
101069
101078
101084
101091
101107
101118
101123
101162
101168
101174
101175
101178
101181
101240
101247
101253
101254
101258
101259
101269
101272
101282
101285
101297
101303
101320
101332
101333
101335
101339
101355
101359
101360
101373
101385
101389
101398
101403
101408
101443
101451
101457
101461
101465
101485
101508
101522
101534
101539
101568
101572
101575
101577
101592
101616
101631
101649
101661
101671
101708
101713
101729
101739
101747
101759
101781
101782
101813
101819
101824
101836
101839
101840
101842
101844
101856
101859
101878
101890
101898
101909
101911
101920
101922
101976
101982
101983
101987
101992
101997
101998
102002
102025
102037
102040
102046
102062
102085
102128
102132
102143
102153
102155
102169
102173
102176
102184
102187
102191
102199
102205
102233
102246
102247
102264
102277
102282
102300
102310
102317
102318
102328
102354
102382
102392
102399
102411
102446
102450
102453
102476
102478
102480
102491
102501
102520
102525
102544
102547
102578
102586
102594
102615
102626
102636
102639
102645
102652
102662
102664
102673
102679
102680
102688
102697
102720
102727
102745
102750
102761
102781
102812
102823
102841
102846
102853
102864
102901
102911
102916
102940
102947
102954
102973
102974
103005
103024
103033
103037
103055
103080
103084
103088
103106
103133
103141
103150
103153
103167
103174
103177
103235
103246
103250
103287
103304
103325
103333
103372
103391
103393
103396
103409
103412
103415
103434
103447
103459
103461
103464
103468
103470
103476
103483
103489
103497
103513
103535
103539
103564
103571
103579
103584
103585
103597
103622
103631
103654
103655
103663
103674
103675
103677
103704
103717
103721
103733
103739
103741
103742
103749
103761
103766
103788
103794
103797
103819
103829
103833
103853
103854
103856
103857
103859
103886
103888
103898
103908
103911
103919
103920
103926
103940
103966
103971
103974
103986
104003
104005
104029
104030
104055
104063
104070
104071
104073
104075
104082
104091
104120
104122
104128
104138
104139
104174
104178
104182
104186
104187
104214
104228
104233
104239
104258
104261
104289
104299
104304
104306
104310
104318
104322
104325
104331
104352
104358
104375
104382
104385
104396
104420
104427
104434
104438
104453
104487
104515
104516
104520
104535
104539
104550
104555
104587
104589
104591
104596
104601
104619
104638
104641
104647
104670
104671
104677
104695
104700
104705
104721
104722
104732
104757
104758
104773
104776
104786
104788
104794
104799
104800
104809
104813
104817
104832
104835
104836
104838
104842
104846
104847
104851
104857
104866
104870
104877
104878
104895
104904
104923
104925
104945
104969
104979
104986
105015
105028
105034
105042
105057
105061
105075
105082
105087
105102
105109
105124
105137
105165
105182
105183
105266
105278
105285
105293
105312
105329
105332
105336
105347
105372
105376
105397
105404
105423
105425
105440
105443
105446
105449
105467
105473
105477
105483
105493
105516
105545
105597
105600
105625
105639
105640
105662
105664
105669
105679
105716
105736
105748
105766
105776
105799
105802
105808
105830
105835
105852
105857
105863
105864
105891
105899
105901
105907
105922
105924
105930
105931
105938
105939
105940
105941
105943
105946
105949
105954
105959
105966
105980
105989
105990
105997
106002
106011
106027
106028
106032
106041
106056
106063
106077
106085
106087
106103
106111
106119
106139
106145
106157
106159
106173
106191
106203
106207
106231
106241
106248
106265
106266
106278
106295
106303
106308
106310
106312
106345
106360
106362
106368
106369
106378
106381
106382
106397
106398
106406
106407
106412
106415
106421
106434
106441
106443
106456
106458
106474
106481
106483
106484
106485
106489
106495
106496
106500
106520
106527
106542
106546
106552
106558
106565
106583
106600
106603
106620
106621
106627
106635
106643
106651
106656
106661
106667
106684
106696
106701
106724
106734
106737
106760
106771
106776
106796
106809
106816
106827
106828
106832
106838
106874
106877
106883
106885
106895
106898
106901
106917
106919
106921
106955
106962
106969
106983
106985
107006
107034
107038
107039
107079
107084
107085
107088
107095
107104
107120
107123
107150
107160
107168
107177
107180
107181
107192
107222
107257
107274
107280
107284
107285
107309
107310
107312
107324
107325
107326
107331
107338
107343
107347
107354
107361
107362
107367
107385
107392
107418
107420
107424
107425
107434
107473
107480
107481
107483
107505
107507
107508
107534
107541
107558
107573
107575
107582
107585
107589
107598
107606
107610
107612
107613
107616
107644
107662
107677
107694
107717
107725
107728
107735
107737
107739
107750
107755
107773
107776
107789
107797
107800
107801
107816
107818
107827
107859
107860
107864
107868
107877
107880
107883
107894
107903
107914
107922
107943
107948
107952
107958
107991
108011
108047
108078
108110
108125
108128
108131
108133
108135
108138
108147
108163
108165
108180
108186
108190
108203
108219
108227
108230
108231
108245
108261
108271
108295
108336
108354
108383
108384
108395
108398
108404
108405
108408
108409
108419
108420
108427
108429
108431
108434
108443
108466
108473
108475
108479
108496
108525
108527
108530
108532
108554
108565
108598
108671
108677
108714
108729
108734
108737
108748
108765
108766
108771
108775
108777
108784
108789
108791
108792
108801
108805
108813
108837
108838
108861
108865
108875
108878
108896
108900
108903
108906
108917
108918
108920
108921
108928
108942
108943
108946
108949
108951
108961
108980
108990
108992
109016
109028
109039
109063
109072
109087
109109
109116
109120
109125
109137
109138
109155
109163
109185
109194
109199
109204
109208
109212
109231
109237
109241
109281
109298
109299
109354
109360
109376
109391
109394
109401
109402
109410
109415
109423
109424
109429
109441
109445
109459
109465
109486
109492
109509
109512
109513
109524
109526
109527
109541
109566
109568
109569
109597
109632
109633
109636
109651
109655
109656
109678
109688
109702
109722
109723
109732
109752
109765
109797
109798
109802
109804
109813
109815
109818
109819
109821
109844
109863
109874
109896
109899
109903
109913
109927
109930
109932
109940
109945
109957
109988
110012
110014
110024
110035
110038
110042
110082
110085
110091
110095
110103
110114
110138
110148
110173
110183
110191
110201
110202
110216
110223
110235
110242
110249
110251
110254
110256
110263
110264
110284
110291
110360
110377
110383
110389
110395
110397
110407
110416
110421
110425
110429
110441
110453
110461
110465
110471
110485
110505
110511
110512
110516
110526
110542
110557
110572
110602
110609
110612
110650
110657
110668
110689
110703
110704
110706
110711
110715
110717
110724
110725
110747
110755
110761
110765
110780
110783
110800
110807
110810
110815
110818
110821
110823
110832
110837
110839
110845
110850
110860
110884
110905
110914
110922
110923
110924
110938
110941
110946
110955
110988
110996
111005
111018
111019
111022
111036
111037
111042
111084
111088
111101
111106
111120
111140
111155
111159
111160
111177
111217
111230
111233
111237
111240
111252
111254
111286
111299
111313
111316
111317
111325
111330
111347
111357
111362
111365
111371
111373
111387
111414
111418
111425
111427
111436
111451
111473
111478
111485
111496
111503
111511
111522
111524
111529
111534
111573
111583
111587
111591
111598
111604
111605
111607
111611
111612
111621
111631
111637
111650
111655
111662
111664
111678
111694
111701
111715
111716
111718
111730
111747
111751
111756
111769
111777
111826
111864
111876
111883
111894
111900
111901
111904
111908
111911
111944
111945
111946
111975
111977
111983
112002
112003
112005
112014
112026
112048
112052
112059
112060
112069
112076
112104
112111
112116
112117
112129
112132
112139
112151
112152
112182
112186
112192
112194
112196
112198
112222
112230
112236
112261
112265
112266
112281
112290
112296
112319
112321
112325
112341
112342
112345
112358
112392
112394
112419
112441
112445
112462
112468
112479
112497
112498
112516
112523
112532
112535
112543
112553
112555
112567
112573
112577
112587
112588
112597
112607
112615
112628
112633
112642
112655
112665
112680
112683
112691
112713
112724
112727
112742
112760
112784
112785
112793
112804
112805
112809
112819
112820
112825
112832
112833
112851
112864
112872
112884
112892
112900
112916
112918
112932
112933
112949
112956
112957
112958
112966
112984
112987
112988
113013
113035
113040
113064
113086
113090
113099
113104
113123
113127
113147
113155
113173
113184
113188
113194
113195
113197
113200
113204
113208
113213
113231
113248
113249
113259
113267
113272
113275
113286
113299
113305
113327
113333
113337
113341
113348
113352
113378
113406
113408
113417
113460
113463
113475
113483
113486
113490
113507
113510
113535
113537
113550
113555
113568
113575
113580
113590
113597
113598
113620
113621
113635
113646
113654
113665
113669
113675
113695
113699
113729
113749
113751
113756
113758
113770
113794
113797
113802
113817
113826
113839
113859
113862
113863
113866
113893
113919
113922
113925
113939
113946
113954
113960
113962
113963
113983
113986
113995
114004
114012
114031
114040
114052
114059
114069
114077
114078
114092
114096
114098
114104
114105
114106
114108
114118
114131
114138
114150
114157
114166
114178
114198
114238
114240
114258
114275
114277
114297
114298
114330
114333
114338
114387
114397
114409
114435
114436
114437
114445
114468
114478
114480
114482
114485
114505
114524
114536
114543
114544
114550
114562
114571
114615
114623
114640
114649
114671
114681
114684
114687
114688
114702
114706
114709
114718
114731
114732
114738
114763
114770
114800
114816
114817
114827
114829
114833
114836
114843
114857
114862
114863
114874
114875
114885
114927
114933
114959
114967
114981
114992
115004
115031
115032
115053
115065
115066
115068
115086
115095
115096
115102
115116
115124
115138
115145
115174
115183
115186
115191
115194
115214
115218
115227
115228
115241
115253
115275
115280
115300
115315
115317
115333
115352
115357
115360
115362
115379
115382
115383
115388
115389
115390
115395
115400
115437
115441
115457
115459
115467
115477
115486
115495
115509
115520
115522
115526
115539
115541
115572
115574
115577
115582
115587
115597
115621
115638
115647
115679
115682
115696
115705
115710
115732
115747
115760
115762
115765
115769
115780
115789
115807
115822
115832
115841
115860
115861
115866
115868
115882
115900
115906
115921
115928
115952
115960
115963
115964
115967
115968
115985
115988
115993
116001
116002
116005
116051
116055
116070
116078
116103
116113
116123
116126
116134
116157
116159
116164
116179
116183
116195
116210
116219
116227
116233
116235
116238
116242
116254
116255
116270
116281
116290
116296
116334
116356
116382
116383
116397
116401
116403
116426
116429
116446
116457
116458
116479
116482
116483
116488
116493
116519
116548
116550
116552
116553
116555
116556
116569
116573
116588
116596
116609
116628
116632
116633
116634
116635
116641
116649
116655
116676
116691
116701
116737
116754
116759
116762
116764
116772
116776
116782
116786
116793
116821
116826
116827
116828
116832
116846
116864
116886
116896
116938
116974
116983
116989
116992
116996
117017
117052
117061
117073
117075
117092
117100
117105
117111
117118
117125
117127
117134
117138
117147
117151
117152
117177
117183
117202
117208
117232
117248
117257
117268
117273
117277
117286
117289
117292
117294
117300
117304
117312
117318
117321
117337
117346
117347
117352
117355
117358
117368
117373
117397
117411
117419
117433
117439
117446
117450
117465
117481
117489
117491
117492
117498
117506
117507
117509
117516
117517
117530
117564
117571
117589
117598
117616
117618
117619
117624
117630
117640
117650
117662
117667
117686
117688
117703
117707
117729
117732
117737
117750
117776
117806
117823
117828
117845
117853
117861
117874
117878
117879
117885
117890
117900
117942
117944
117950
117961
117964
117978
117986
117992
118012
118029
118033
118045
118062
118094
118111
118133
118134
118135
118149
118158
118173
118184
118187
118204
118247
118275
118312
118346
118354
118356
118357
118398
118414
118429
118446
118456
118460
118464
118470
118477
118480
118482
118489
118501
118507
118543
118570
118575
118582
118586
118601
118609
118612
118616
118623
118627
118628
118632
118641
118651
118655
118660
118671
118675
118706
118707
118708
118713
118740
118745
118746
118760
118762
118774
118783
118789
118816
118840
118851
118861
118862
118872
118886
118925
118927
118949
118950
118958
118960
118963
118973
118979
119004
119009
119013
119021
119038
119049
119052
119055
119063
119085
119100
119108
119112
119134
119156
119168
119182
119186
119189
119199
119208
119211
119228
119240
119243
119245
119252
119262
119266
119301
119303
119321
119329
119331
119415
119416
119425
119428
119435
119438
119442
119445
119446
119461
119481
119482
119494
119519
119540
119559
119563
119574
119575
119576
119578
119583
119587
119592
119596
119598
119599
119601
119612
119613
119616
119632
119634
119641
119646
119650
119661
119675
119681
119686
119697
119721
119738
119745
119753
119781
119783
119798
119811
119818
119831
119833
119841
119857
119868
119872
119873
119886
119893
119898
119927
119944
119980
119988
119999
120003
120026
120031
120036
120041
120043
120056
120060
120063
120076
120095
120099
120135
120148
120165
120173
120183
120185
120189
120192
120205
120212
120215
120223
120231
120244
120250
120261
120276
120295
120296
120325
120328
120331
120336
120363
120365
120367
120372
120398
120409
120426
120429
120433
120458
120487
120489
120496
120501
120502
120508
120511
120514
120515
120520
120523
120533
120543
120551
120564
120565
120597
120601
120614
120621
120625
120631
120648
120649
120658
120673
120693
120706
120711
120732
120735
120762
120772
120775
120780
120785
120786
120798
120810
120815
120827
120828
120829
120831
120835
120837
120847
120857
120883
120887
120893
120924
120965
120976
120992
120996
121003
121031
121056
121061
121082
121089
121091
121115
121119
121124
121137
121142
121169
121173
121182
121184
121185
121187
121195
121198
121203
121221
121223
121239
121245
121257
121259
121266
121267
121276
121288
121292
121308
121312
121314
121319
121325
121351
121357
121370
121380
121395
121398
121402
121408
121421
121431
121440
121460
121466
121479
121497
121516
121517
121519
121542
121565
121580
121582
121586
121601
121616
121621
121622
121624
121626
121631
121639
121656
121668
121678
121687
121690
121703
121709
121720
121726
121731
121761
121772
121780
121783
121786
121791
121798
121809
121810
121824
121835
121841
121854
121855
121864
121874
121883
121887
121896
121902
121907
121914
121924
121932
121933
121938
121951
121956
121964
121971
121974
121984
121995
122014
122038
122039
122061
122063
122065
122067
122073
122075
122078
122079
122083
122093
122107
122119
122125
122142
122145
122160
122172
122180
122184
122198
122205
122208
122209
122212
122219
122220
122226
122229
122234
122238
122241
122242
122248
122253
122261
122267
122290
122295
122297
122317
122331
122351
122367
122368
122371
122380
122384
122390
122394
122409
122412
122424
122427
122464
122479
122481
122492
122498
122503
122510
122525
122546
122567
122572
122600
122607
122610
122613
122617
122632
122633
122636
122651
122657
122659
122660
122663
122679
122716
122741
122746
122747
122748
122773
122782
122807
122809
122819
122827
122835
122836
122859
122869
122870
122893
122896
122899
122901
122904
122924
122938
122940
122941
122969
122983
122984
122986
123001
123002
123003
123012
123023
123059
123073
123085
123096
123110
123116
123121
123122
123126
123128
123140
123143
123151
123159
123175
123182
123193
123200
123203
123224
123242
123245
123247
123250
123252
123264
123267
123270
123282
123295
123320
123322
123331
123343
123347
123362
123364
123380
123392
123393
123394
123407
123414
123426
123433
123434
123438
123441
123444
123449
