0
0
0
0
1
1
2
2
2
3
3
4
5
5
6
7
7
7
10
11
11
13
14
14
14
15
15
16
17
18
18
19
20
24
24
27
29
30
30
32
32
34
34
35
35
35
37
39
40
41
42
44
45
46
47
49
52
52
54
54
55
55
57
57
59
62
62
65
65
66
68
69
70
71
74
75
75
76
83
84
85
90
91
93
94
95
100
103
104
109
112
113
114
115
117
122
122
124
126
127
127
127
133
134
136
138
144
150
152
152
152
155
157
160
160
160
165
167
170
170
171
171
171
174
180
183
189
191
194
195
196
201
202
206
206
208
209
213
214
214
216
216
222
223
226
235
236
238
251
254
256
256
265
268
282
286
286
290
293
295
295
297
300
304
312
317
331
335
337
341
346
349
353
354
360
362
362
371
377
378
382
388
394
397
400
401
416
422
438
440
443
448
456
480
482
487
507
508
512
528
533
542
554
571
583
606
608
613
618
622
624
628
637
640
643
647
659
670
672
679
692
692
716
723
728
746
755
762
773
783
790
815
816
826
836
851
856
874
929
967
1003
1004
1025
1062
1098
1106
1109
