0
0
1
4
4
5
7
7
8
9
10
10
11
11
12
12
12
13
16
18
19
21
22
23
23
24
25
26
31
31
32
35
38
39
39
40
41
44
45
46
46
46
49
49
49
50
50
51
51
54
54
54
54
57
58
58
62
63
65
65
72
81
81
82
84
87
87
90
93
95
96
98
100
103
105
108
111
114
123
125
135
136
136
137
139
142
142
143
144
145
148
152
156
159
165
167
176
182
185
195
198
201
203
203
203
203
204
205
209
212
213
215
220
221
225
227
228
229
232
233
236
237
237
238
239
241
244
247
247
247
250
251
252
257
257
258
262
263
263
266
272
278
280
281
284
285
294
305
305
309
310
314
321
323
330
330
365
371
374
377
380
384
385
385
386
388
401
411
415
419
419
420
421
421
423
425
428
429
430
432
433
435
438
443
447
453
455
466
473
479
480
480
491
492
495
496
501
507
510
521
525
530
536
564
564
572
575
583
594
613
615
635
638
646
649
661
666
670
672
684
699
713
720
724
734
734
746
750
763
784
792
795
810
860
874
875
886
913
946
957
973
1006
1026
1042
1061
1071
1109
