2
12
16
30
31
42
61
62
104
111
117
131
133
137
144
147
153
167
190
195
197
217
230
235
257
279
287
297
305
318
319
338
339
363
368
372
387
388
391
410
423
432
436
440
455
463
495
504
506
510
511
515
530
532
533
534
553
555
559
575
588
614
627
645
650
658
667
671
673
679
690
714
749
765
767
773
776
785
794
819
841
844
845
846
860
864
869
871
888
905
927
934
937
955
998
1007
1013
1014
1027
1030
1034
1044
1046
1063
1084
1094
1099
1100
1101
1102
1105
1110
1126
1135
1167
1200
1220
1221
1225
1226
1227
1232
1233
1237
1245
1252
1258
1289
1295
1300
1302
1305
1316
1328
1358
1363
1377
1382
1386
1394
1400
1420
1447
1466
1469
1471
1474
1476
1477
1482
1496
1497
1499
1506
1515
1518
1550
1557
1562
1582
1586
1599
1603
1616
1625
1639
1660
1662
1687
1707
1715
1719
1728
1743
1749
1756
1768
1769
1775
1780
1795
1796
1880
1890
1905
1925
1939
1940
1941
1946
1955
1958
1968
1971
1973
1982
1996
2003
2011
2027
2033
2039
2044
2073
2074
2075
2106
2111
2114
2127
2128
2130
2158
2161
2168
2171
2187
2196
2201
2208
2236
2246
2260
2267
2274
2280
2282
2291
2329
2343
2348
2352
2353
2359
2366
2374
2406
2411
2416
2426
2427
2443
2446
2454
2455
2457
2460
2471
2485
2490
2491
2494
2507
2515
2526
2535
2539
2542
2557
2561
2562
2564
2567
2570
2593
2603
2622
2627
2631
2639
2640
2648
2694
2706
2713
2731
2749
2757
2762
2772
2782
2799
2802
2804
2812
2823
2824
2887
2896
2903
2908
2913
2931
2936
2937
2940
2945
2948
2949
2976
2986
2998
3001
3044
3046
3049
3059
3063
3068
3071
3083
3101
3107
3122
3132
3133
3162
3164
3174
3176
3178
3187
3200
3201
3210
3212
3219
3230
3233
3234
3238
3244
3246
3253
3261
3273
3290
3297
3308
3312
3319
3322
3324
3332
3360
3366
3415
3423
3430
3449
3473
3479
3490
3499
3504
3515
3519
3528
3529
3532
3534
3537
3553
3559
3583
3590
3594
3611
3614
3620
3645
3649
3651
3656
3662
3678
3683
3688
3691
3698
3715
3719
3725
3727
3736
3741
3753
3763
3773
3790
3806
3811
3813
3819
3842
3855
3858
3861
3869
3874
3886
3909
3913
3914
3916
3926
3943
3944
3951
3967
3982
3996
4017
4018
4019
4029
4031
4050
4066
4070
4073
4081
4082
4088
4095
4096
4113
4119
4121
4122
4127
4134
4167
4173
4185
4192
4196
4203
4215
4220
4241
4249
4251
4274
4277
4284
4286
4290
4301
4302
4305
4312
4318
4336
4337
4363
4371
4377
4381
4394
4402
4418
4430
4431
4438
4444
4453
4471
4474
4487
4516
4538
4551
4559
4565
4578
4580
4585
4594
4598
4599
4623
4633
4654
4655
4661
4664
4666
4673
4687
4719
4731
4733
4767
4784
4792
4793
4831
4834
4840
4846
4852
4854
4859
4866
4877
4881
4887
4889
4895
4909
4910
4924
4937
4952
4968
4974
5024
5032
5058
5073
5079
5092
5094
5095
5111
5119
5131
5135
5149
5152
5158
5183
5184
5205
5228
5233
5237
5238
5241
5244
5250
5258
5260
5265
5267
5281
5283
5289
5293
5297
5357
5364
5366
5370
5403
5405
5406
5414
5417
5452
5457
5468
5470
5476
5482
5484
5517
5522
5558
5559
5560
5571
5578
5583
5615
5625
5626
5629
5630
5636
5654
5657
5658
5673
5691
5697
5703
5714
5734
5755
5757
5767
5778
5779
5790
5792
5794
5809
5842
5852
5855
5873
5925
5972
6010
6022
6030
6053
6055
6060
6078
6085
6094
6110
6118
6136
6163
6180
6189
6191
6199
6204
6208
6244
6246
6247
6251
6252
6254
6265
6282
6283
6284
6305
6309
6322
6341
6349
6390
6401
6403
6405
6411
6416
6447
6454
6460
6518
6519
6524
6535
6546
6547
6588
6596
6600
6603
6605
6610
6611
6640
6664
6675
6690
6691
6694
6707
6744
6747
6760
6762
6772
6782
6785
6803
6815
6820
6838
6849
6855
6856
6870
6871
6885
6907
6912
6916
6951
6956
6965
6975
6989
6996
6997
7000
7034
7046
7059
7064
7065
7073
7092
7102
7110
7114
7120
7125
7163
7184
7190
7200
7230
7231
7248
7254
7263
7267
7271
7274
7278
7294
7303
7306
7307
7310
7312
7330
7342
7346
7356
7369
7370
7371
7385
7398
7412
7442
7451
7457
7461
7477
7479
7481
7489
7492
7495
7498
7511
7519
7540
7543
7546
7568
7571
7580
7581
7582
7601
7618
7645
7649
7657
7671
7686
7699
7700
7701
7706
7714
7718
7731
7736
7751
7787
7793
7813
7824
7839
7878
7887
7897
7898
7921
7970
7971
7974
7993
8001
8018
8023
8024
8039
8058
8059
8072
8083
8095
8123
8138
8139
8147
8150
8161
8162
8174
8197
8212
8251
8260
8263
8269
8271
8272
8287
8292
8301
8355
8362
8370
8378
8405
8415
8429
8435
8437
8445
8493
8529
8531
8535
8542
8543
8557
8570
8574
8575
8608
8613
8643
8652
8664
8672
8677
8694
8699
8708
8709
8717
8722
8770
8790
8791
8795
8823
8838
8844
8848
8857
8859
8865
8898
8903
8917
8919
8924
8935
8950
8959
8969
8987
8989
8994
8996
9003
9007
9021
9036
9053
9071
9087
9110
9114
9135
9151
9158
9164
9169
9184
9188
9193
9212
9220
9228
9237
9244
9254
9258
9266
9275
9282
9295
9298
9308
9312
9328
9344
9360
9386
9387
9410
9415
9419
9427
9441
9482
9486
9489
9490
9499
9500
9501
9511
9518
9539
9546
9572
9581
9593
9602
9611
9627
9635
9644
9646
9672
9696
9706
9711
9716
9722
9723
9730
9771
9774
9789
9798
9806
9809
9812
9815
9824
9840
9851
9863
9890
9902
9923
9924
9933
9935
9937
9949
9956
9963
9966
9967
9975
9977
9978
9980
9981
9983
10022
10032
10035
10044
10050
10066
10075
10076
10087
10095
10110
10121
10124
10138
10141
10155
10157
10160
10162
10170
10185
10188
10196
10205
10211
10217
10224
10234
10239
10241
10244
10257
10259
10260
10274
10301
10308
10329
10354
10363
10378
10381
10382
10386
10388
10389
10392
10395
10404
10409
10423
10428
10439
10442
10458
10469
10486
10502
10510
10521
10526
10534
10541
10547
10562
10592
10598
10615
10617
10619
10630
10658
10670
10684
10689
10697
10701
10707
10709
10719
10730
10731
10745
10750
10752
10761
10765
10768
10777
10778
10779
10781
10783
10785
10786
10788
10789
10801
10819
10822
10834
10849
10853
10860
10872
10875
10880
10884
10886
10889
10899
10915
10948
10951
10953
10960
10973
10984
10998
11023
11026
11027
11037
11042
11044
11045
11047
11058
11067
11069
11098
11106
11107
11113
11118
11121
11130
11144
11166
11170
11190
11197
11202
11209
11220
11255
11287
11293
11297
11298
11307
11319
11329
11341
11347
11378
11412
11428
11438
11441
11470
11477
11489
11490
11494
11499
11516
11519
11540
11551
11555
11556
11563
11566
11568
11575
11584
11614
11625
11627
11635
11636
11638
11674
11687
11704
11714
11717
11721
11733
11748
11749
11770
11799
11800
11804
11814
11818
11822
11846
11848
11853
11880
11889
11892
11896
11913
11942
11945
11950
11964
11971
11989
12000
12001
12013
12017
12020
12021
12022
12027
12061
12081
12104
12108
12111
12113
12134
12142
12150
12152
12160
12162
12197
12200
12221
12222
12227
12253
12256
12266
12278
12284
12285
12295
12306
12339
12348
12351
12366
12372
12392
12393
12422
12428
12441
12448
12455
12456
12472
12475
12490
12498
12501
12514
12516
12531
12561
12584
12590
12603
12618
12645
12649
12659
12685
12703
12747
12754
12757
12768
12774
12776
12799
12810
12812
12817
12837
12841
12870
12878
12889
12915
12923
12931
12941
12953
12962
12964
12969
12973
12976
12978
12986
12988
12989
12995
13005
13011
13032
13036
13038
13055
13056
13063
13075
13084
13109
13114
13115
13120
13121
13131
13143
13148
13174
13207
13211
13212
13227
13229
13240
13247
13265
13270
13283
13288
13296
13299
13302
13313
13319
13334
13335
13337
13347
13348
13364
13371
13401
13406
13411
13420
13430
13451
13458
13478
13479
13500
13502
13512
13518
13531
13534
13547
13557
13563
13574
13578
13584
13599
13609
13615
13621
13624
13631
13656
13674
13688
13691
13707
13728
13732
13756
13766
13774
13777
13793
13803
13816
13819
13821
13825
13837
13843
13893
13928
13933
13955
13956
13979
13981
13984
13985
13989
13992
13993
14006
14008
14011
14014
14019
14037
14039
14070
14073
14075
14084
14096
14103
14121
14127
14130
14133
14138
14148
14156
14163
14178
14196
14201
14203
14214
14224
14235
14253
14255
14265
14277
14319
14332
14339
14350
14359
14371
14372
14379
14387
14411
14430
14448
14452
14457
14467
14480
14489
14490
14492
14496
14509
14513
14514
14518
14525
14533
14538
14544
14549
14550
14555
14556
14559
14575
14579
14583
14585
14587
14606
14635
14636
14638
14653
14662
14689
14698
14704
14706
14735
14739
14756
14762
14780
14790
14799
14814
14825
14830
14833
14843
14861
14877
14928
14957
14980
14985
15024
15040
15050
15056
15078
15084
15100
15109
15125
15136
15145
15146
15155
15177
15188
15189
15194
15210
15217
15231
15244
15271
15273
15280
15286
15287
15299
15302
15319
15335
15337
15347
15355
15388
15389
15403
15411
15419
15420
15427
15429
15440
15460
15470
15487
15489
15509
15512
15515
15528
15537
15541
15545
15554
15557
15574
15577
15578
15621
15646
15659
15660
15665
15678
15690
15700
15702
15710
15717
15724
15745
15748
15758
15772
15777
15779
15790
15795
15796
15799
15801
15819
15856
15862
15902
15903
15904
15926
15945
15949
15968
15970
16050
16068
16075
16094
16098
16111
16126
16128
16160
16161
16167
16171
16181
16184
16222
16225
16228
16244
16263
16269
16271
16275
16296
16302
16303
16307
16310
16312
16314
16318
16319
16321
16328
16333
16353
16357
16366
16368
16370
16371
16372
16387
16391
16392
16412
16430
16446
16449
16451
16460
16467
16468
16476
16477
16481
16521
16537
16546
16563
16573
16585
16591
16592
16595
16600
16609
16611
16615
16647
16653
16659
16664
16676
16679
16686
16689
16704
16734
16736
16740
16760
16770
16781
16782
16786
16789
16817
16830
16851
16853
16866
16869
16871
16874
16883
16892
16903
16906
16909
16939
16944
16952
16956
16983
17008
17010
17024
17059
17073
17079
17096
17129
17141
17147
17169
17171
17174
17180
17191
17195
17197
17198
17201
17208
17217
17228
17236
17259
17272
17275
17280
17281
17296
17298
17304
17310
17321
17327
17328
17338
17347
17358
17419
17420
17431
17452
17465
17468
17478
17499
17526
17558
17563
17566
17570
17581
17591
17604
17608
17611
17624
17654
17674
17675
17688
17697
17700
17720
17735
17744
17764
17765
17779
17787
17798
17825
17830
17840
17857
17860
17890
17926
17935
17943
17951
17952
17985
17989
18007
18009
18023
18048
18055
18057
18066
18069
18079
18087
18098
18115
18118
18127
18138
18147
18164
18179
18181
18186
18187
18193
18196
18207
18216
18223
18228
18234
18246
18254
18262
18286
18306
18322
18323
18334
18350
18352
18362
18367
18377
18378
18391
18392
18403
18406
18420
18426
18430
18435
18453
18463
18464
18478
18482
18505
18512
18513
18519
18526
18541
18542
18543
18549
18558
18560
18566
18567
18570
18584
18594
18608
18621
18630
18638
18643
18673
18683
18688
18706
18717
18723
18736
18746
18747
18750
18756
18765
18770
18782
18791
18795
18814
18821
18825
18830
18836
18847
18848
18852
18855
18864
18866
18869
18873
18878
18909
18918
18940
18943
18959
18962
18979
18980
18988
18999
19010
19028
19031
19044
19051
19070
19084
19092
19093
19098
19105
19113
19117
19120
19121
19127
19136
19149
19157
19173
19185
19187
19188
19192
19229
19239
19249
19269
19292
19297
19298
19302
19325
19330
19331
19356
19360
19381
19383
19397
19399
19406
19412
19421
19427
19432
19438
19441
19444
19450
19458
19466
19470
19479
19489
19500
19509
19512
19513
19521
19537
19538
19545
19551
19563
19583
19594
19600
19614
19623
19628
19644
19647
19652
19662
19668
19669
19679
19682
19688
19695
19706
19716
19742
19744
19753
19763
19766
19781
19790
19796
19799
19806
19839
19844
19857
19882
19884
19906
19923
19934
19942
19948
19954
19959
19964
19968
19998
20022
20027
20034
20039
20040
20044
20050
20051
20074
20088
20100
20103
20106
20112
20113
20121
20144
20145
20147
20148
20154
20156
20180
20193
20202
20203
20217
20230
20269
20273
20279
20280
20307
20356
20361
20370
20372
20408
20411
20415
20430
20495
20497
20498
20505
20511
20519
20530
20542
20544
20550
20553
20571
20619
20633
20654
20659
20684
20689
20699
20700
20718
20719
20723
20737
20771
20798
20821
20822
20828
20838
20843
20861
20882
20905
20909
20917
20920
20930
20954
20956
20966
20977
20979
20982
21000
21002
21008
21010
21012
21020
21036
21040
21058
21062
21078
21093
21104
21107
21110
21121
21189
21200
21207
21208
21228
21245
21254
21272
21285
21305
21308
21317
21325
21331
21360
21379
21383
21406
21414
21419
21438
21448
21450
21453
21454
21456
21467
21469
21471
21480
21487
21488
21494
21529
21535
21538
21549
21564
21583
21605
21608
21622
21624
21628
21638
21642
21645
21655
21656
21682
21701
21718
21719
21729
21737
21748
21765
21766
21768
21774
21776
21783
21798
21804
21806
21807
21815
21823
21842
21848
21851
21853
21858
21861
21867
21880
21896
21908
21912
21932
21941
21950
21956
21960
21979
21985
21992
22004
22005
22014
22015
22016
22024
22044
22065
22068
22085
22088
22091
22104
22107
22138
22150
22154
22156
22160
22163
22165
22175
22178
22188
22189
22197
22200
22210
22248
22251
22256
22257
22259
22264
22292
22293
22312
22325
22328
22331
22349
22374
22399
22404
22451
22452
22458
22460
22467
22469
22482
22495
22511
22522
22546
22548
22556
22590
22593
22599
22618
22620
22641
22647
22656
22658
22660
22665
22667
22680
22686
22687
22697
22699
22705
22711
22720
22735
22752
22757
22759
22768
22785
22793
22794
22802
22837
22865
22869
22876
22880
22887
22896
22899
22903
22919
22921
22926
22945
22959
22962
22966
22981
22992
22996
23001
23006
23010
23018
23024
23029
23030
23044
23052
23057
23069
23072
23073
23128
23134
23146
23150
23164
23174
23188
23196
23200
23202
23207
23222
23226
23247
23256
23269
23272
23273
23285
23290
23301
23304
23321
23358
23395
23396
23419
23422
23431
23457
23471
23475
23477
23500
23512
23519
23540
23543
23544
23549
23551
23567
23595
23611
23613
23642
23649
23652
23656
23658
23664
23690
23699
23712
23733
23752
23774
23799
23805
23809
23816
23819
23828
23853
23855
23868
23869
23874
23882
23887
23904
23929
23941
23957
23959
23961
23962
23972
23974
23986
24008
24014
24017
24028
24039
24054
24057
24059
24072
24080
24109
24125
24126
24132
24137
24171
24182
24187
24191
24196
24205
24217
24226
24227
24232
24265
24268
24317
24322
24329
24334
24344
24348
24358
24371
24388
24394
24397
24409
24423
24446
24466
24476
24479
24492
24498
24505
24514
24524
24526
24530
24547
24549
24550
24558
24573
24592
24614
24620
24627
24658
24659
24662
24674
24680
24691
24695
24697
24699
24704
24706
24716
24717
24718
24723
24727
24728
24729
24739
24748
24762
24772
24781
24788
24791
24849
24854
24887
24896
24899
24908
24913
24920
24922
24929
24931
24951
24953
24957
24979
24994
25002
25009
25018
25019
25030
25053
25057
25060
25065
25066
25104
25140
25142
25150
25162
25180
25191
25219
25220
25228
25255
25258
25268
25274
25277
25280
25286
25287
25309
25312
25329
25330
25339
25349
25356
25360
25366
25374
25376
25381
25386
25393
25396
25411
25420
25422
25433
25462
25466
25491
25496
25497
25504
25515
25528
25542
25545
25547
25548
25552
25554
25555
25566
25577
25586
25587
25599
25602
25618
25624
25626
25628
25637
25644
25671
25675
25681
25690
25727
25749
25759
25760
25765
25794
25840
25855
25856
25875
25877
25880
25890
25895
25899
25916
25922
25944
25975
25993
25994
25996
25998
25999
26014
26015
26057
26059
26061
26070
26090
26094
26104
26117
26136
26143
26163
26180
26201
26210
26211
26228
26242
26245
26246
26266
26277
26283
26285
26295
26307
26323
26328
26334
26346
26353
26372
26373
26378
26380
26388
26390
26393
26406
26435
26436
26448
26452
26476
26479
26491
26494
26496
26526
26527
26531
26547
26570
26591
26595
26597
26602
26607
26610
26614
26637
26638
26648
26659
26664
26665
26674
26678
26685
26689
26691
26694
26712
26716
26718
26721
26724
26727
26729
26751
26762
26769
26782
26806
26814
26817
26824
26830
26832
26835
26853
26860
26861
26879
26880
26890
26902
26935
26956
27014
27020
27024
27044
27065
27068
27069
27082
27125
27127
27133
27144
27149
27150
27159
27165
27173
27187
27192
27194
27213
27217
27222
27233
27250
27251
27258
27288
27292
27294
27307
27308
27316
27324
27328
27334
27345
27371
27387
27390
27400
27404
27431
27440
27448
27465
27467
27475
27481
27482
27486
27491
27501
27518
27539
27560
27563
27569
27570
27576
27616
27618
27636
27646
27653
27667
27668
27673
27682
27685
27691
27705
27752
27775
27788
27794
27801
27828
27829
27838
27842
27844
27850
27853
27856
27872
27877
27880
27890
27903
27911
27918
27919
27922
27935
27937
27944
27949
27954
27968
27980
27986
27987
28001
28023
28029
28040
28078
28084
28094
28095
28108
28109
28110
28112
28118
28124
28126
28129
28143
28161
28162
28169
28178
28183
28185
28188
28197
28211
28222
28230
28233
28248
28253
28272
28275
28288
28292
28297
28309
28317
28327
28365
28373
28392
28402
28411
28428
28439
28440
28446
28455
28457
28474
28482
28493
28494
28497
28498
28504
28505
28514
28516
28518
28524
28528
28535
28562
28588
28591
28599
28600
28606
28618
28627
28638
28642
28652
28655
28658
28661
28682
28684
28699
28705
28729
28732
28738
28745
28752
28753
28758
28810
28812
28815
28820
28823
28828
28832
28845
28859
28882
28897
28909
28921
28939
28945
28954
28956
28979
28985
28988
28989
29002
29003
29015
29036
29045
29059
29063
29072
29074
29087
29095
29105
29113
29118
29121
29122
29123
29129
29131
29133
29136
29137
29138
29164
29170
29174
29189
29196
29206
29207
29214
29223
29225
29231
29248
29250
29255
29266
29273
29280
29286
29291
29298
29341
29342
29397
29407
29417
29434
29476
29482
29492
29521
29537
29548
29554
29556
29564
29572
29585
29587
29606
29612
29614
29630
29635
29645
29655
29656
29662
29675
29688
29694
29707
29712
29732
29733
29743
29749
29751
29756
29775
29776
29781
29786
29787
29793
29795
29804
29815
29825
29855
29856
29880
29882
29884
29886
29888
29892
29895
29916
29948
29965
29971
29991
29992
30004
30011
30030
30035
30036
30069
30075
30081
30089
30090
30100
30109
30110
30143
30165
30168
30178
30180
30183
30205
30215
30216
30228
30236
30237
30251
30252
30258
30262
30269
30280
30287
30310
30312
30314
30336
30341
30359
30368
30390
30391
30398
30401
30405
30424
30434
30437
30455
30459
30486
30492
30497
30507
30508
30541
30553
30556
30558
30560
30563
30568
30591
30603
30637
30667
30670
30710
30711
30726
30741
30751
30766
30781
30786
30787
30803
30804
30819
30846
30854
30859
30908
30915
30916
30917
30938
30939
30946
30959
30963
30970
30974
30976
30987
31035
31051
31068
31097
31108
31110
31115
31133
31182
31185
31191
31198
31208
31211
31218
31228
31233
31255
31259
31264
31276
31280
31286
31291
31295
31300
31325
31329
31335
31339
31342
31348
31350
31359
31360
31369
31377
31378
31393
31396
31398
31405
31407
31417
31419
31425
31459
31468
31472
31475
31482
31483
31484
31486
31488
31512
31513
31518
31544
31545
31570
31572
31579
31581
31585
31596
31620
31662
31663
31666
31674
31697
31711
31717
31723
31729
31730
31731
31740
31767
31772
31773
31778
31791
31798
31801
31829
31830
31840
31844
31852
31853
31858
31859
31864
31867
31868
31882
31883
31896
31907
31910
31913
31940
31945
31947
31955
31966
31971
31979
31986
31992
32007
32015
32020
32060
32090
32115
32116
32120
32121
32122
32129
32134
32135
32136
32146
32163
32164
32180
32194
32205
32212
32217
32234
32237
32242
32259
32260
32261
32282
32306
32331
32334
32335
32347
32348
32349
32357
32368
32374
32381
32398
32399
32412
32415
32421
32432
32465
32473
32475
32480
32485
32487
32506
32509
32529
32539
32545
32548
32555
32562
32565
32570
32575
32576
32580
32589
32601
32613
32621
32639
32640
32646
32667
32678
32680
32685
32696
32706
32723
32724
32728
32731
32764
32765
32778
32800
32839
32840
32849
32851
32852
32889
32894
32916
32918
32932
32946
32949
32966
32967
32975
32987
33002
33006
33017
33021
33023
33028
33032
33037
33053
33055
33066
33075
33090
33114
33116
33117
33122
33137
33138
33148
33159
33166
33170
33178
33183
33205
33221
33228
33232
33238
33240
33259
33260
33269
33273
33276
33292
33310
33332
33350
33358
33370
33384
33386
33420
33461
33481
33499
33504
33524
33536
33543
33545
33552
33563
33566
33570
33587
33596
33604
33636
33637
33642
33649
33683
33688
33695
33696
33701
33704
33712
33713
33721
33731
33744
33750
33752
33756
33766
33780
33794
33800
33808
33811
33832
33839
33863
33873
33889
33890
33905
33906
33907
33910
33920
33950
33951
33959
33976
33993
34004
34014
34029
34032
34048
34052
34059
34061
34069
34091
34092
34095
34117
34121
34133
34158
34162
34177
34183
34188
34194
34207
34209
34212
34220
34245
34247
34256
34266
34280
34282
34285
34292
34313
34334
34341
34343
34344
34362
34373
34375
34378
34389
34399
34451
34488
34507
34530
34533
34544
34546
34561
34570
34583
34589
34599
34600
34605
34607
34609
34617
34628
34635
34648
34649
34662
34678
34690
34700
34706
34714
34715
34716
34718
34731
34736
34742
34743
34745
34756
34759
34764
34771
34772
34779
34781
34783
34799
34816
34819
34825
34839
34856
34861
34868
34871
34876
34886
34890
34899
34910
34930
34932
34948
34951
34954
34963
34971
34987
34988
34990
35017
35029
35034
35048
35049
35056
35062
35065
35067
35075
35099
35102
35121
35123
35135
35147
35148
35152
35160
35168
35178
35186
35187
35190
35191
35196
35200
35202
35203
35248
35252
35259
35271
35273
35277
35283
35288
35290
35301
35303
35363
35375
35377
35381
35399
35406
35408
35427
35429
35431
35432
35445
35459
35461
35462
35480
35482
35486
35509
35518
35521
35522
35553
35554
35559
35588
35594
35597
35601
35609
35620
35629
35635
35641
35647
35649
35680
35688
35700
35716
35718
35721
35738
35742
35747
35788
35789
35815
35825
35829
35837
35838
35849
35850
35862
35872
35876
35880
35904
35905
35906
35910
35932
35946
35952
35958
35969
35971
35981
35988
35992
36002
36018
36026
36045
36051
36054
36072
36075
36076
36107
36112
36133
36159
36171
36172
36176
36198
36220
36221
36224
36236
36257
36267
36282
36294
36300
36308
36317
36319
36322
36329
36330
36363
36374
36383
36396
36406
36411
36414
36439
36440
36451
36455
36476
36478
36482
36486
36488
36503
36509
36555
36556
36564
36582
36618
36639
36640
36641
36662
36667
36711
36713
36729
36740
36744
36758
36795
36798
36825
36836
36842
36854
36862
36872
36873
36879
36898
36901
36914
36920
36927
36963
36966
36970
36973
36982
36993
37001
37014
37020
37025
37039
37046
37054
37068
37069
37080
37111
37113
37128
37135
37138
37146
37150
37154
37166
37167
37169
37195
37206
37215
37221
37225
37257
37263
37268
37272
37274
37279
37283
37292
37298
37300
37311
37318
37332
37333
37347
37353
37368
37384
37386
37399
37408
37427
37429
37437
37450
37455
37462
37466
37469
37470
37471
37514
37521
37526
37552
37559
37589
37590
37604
37641
37653
37660
37685
37698
37703
37708
37711
37731
37759
37770
37773
37774
37782
37793
37795
37813
37817
37818
37827
37833
37834
37842
37847
37850
37854
37860
37866
37882
37886
37909
37916
37925
37926
37931
37937
37940
37942
37946
37948
37972
37989
37993
37995
38001
38005
38038
38046
38049
38063
38072
38073
38075
38079
38080
38084
38098
38106
38110
38115
38122
38127
38136
38152
38159
38161
38170
38177
38178
38179
38191
38215
38232
38250
38253
38260
38263
38265
38302
38304
38309
38345
38346
38347
38352
38378
38406
38409
38413
38414
38416
38419
38421
38435
38439
38440
38441
38442
38450
38454
38462
38484
38491
38516
38519
38525
38542
38551
38558
38575
38580
38604
38607
38614
38627
38632
38645
38668
38675
38676
38679
38688
38691
38707
38710
38714
38716
38728
38729
38734
38746
38774
38789
38802
38804
38812
38827
38832
38865
38867
38871
38872
38893
38900
38908
38913
38923
38924
38929
38934
38937
38956
38968
38993
39000
39004
39007
39033
39040
39053
39064
39067
39070
39086
39098
39105
39119
39124
39145
39154
39168
39172
39192
39211
39223
39236
39238
39247
39250
39262
39267
39274
39277
39318
39332
39344
39366
39370
39377
39378
39399
39408
39418
39424
39431
39439
39448
39460
39461
39463
39464
39483
39485
39507
39514
39530
39575
39602
39610
39659
39662
39666
39670
39673
39679
39690
39694
39708
39710
39726
39734
39737
39745
39760
39761
39776
39782
39785
39790
39799
39814
39818
39821
39836
39852
39876
39877
39883
39891
39893
39895
39904
39905
39911
39915
39926
39935
39936
39937
39939
39942
39947
39963
39972
39986
40013
40020
40022
40030
40043
40057
40068
40074
40081
40093
40096
40105
40124
40127
40134
40148
40160
40164
40187
40194
40205
40221
40222
40229
40235
40253
40259
40278
40279
40283
40287
40290
40295
40345
40351
40374
40376
40404
40467
40474
40479
40504
40509
40521
40526
40544
40551
40557
40563
40573
40581
40633
40636
40663
40671
40693
40729
40732
40739
40755
40765
40782
40787
40841
40876
40880
40895
40900
40909
40917
40929
40931
40938
40953
40959
40981
40991
40996
40998
41021
41034
41040
41059
41073
41074
41080
41084
41096
41103
41110
41111
41122
41132
41139
41141
41151
41154
41162
41179
41193
41216
41226
41242
41248
41251
41269
41274
41284
41289
41293
41296
41297
41304
41350
41356
41358
41365
41368
41369
41371
41378
41386
41395
41422
41423
41425
41428
41451
41455
41467
41469
41500
41514
41515
41517
41519
41528
41529
41532
41564
41565
41573
41581
41590
41595
41603
41606
41625
41628
41633
41636
41649
41650
41656
41661
41665
41671
41678
41698
41704
41718
41735
41740
41743
41756
41757
41769
41773
41782
41784
41785
41787
41791
41803
41815
41841
41895
41904
41909
41915
41919
41927
41932
41934
41940
41946
41949
41951
41957
41962
41978
41981
41994
42000
42006
42007
42017
42028
42045
42056
42057
42060
42067
42069
42074
42076
42083
42087
42098
42105
42114
42116
42126
42138
42148
42151
42167
42177
42187
42191
42202
42209
42210
42219
42249
42251
42259
42263
42273
42287
42293
42309
42317
42321
42328
42350
42381
42383
42386
42398
42401
42403
42409
42413
42432
42461
42464
42477
42481
42484
42504
42524
42537
42556
42558
42570
42592
42598
42606
42614
42624
42632
42647
42655
42665
42674
42686
42687
42711
42713
42727
42772
42780
42791
42792
42804
42822
42835
42854
42863
42866
42867
42888
42896
42899
42901
42907
42910
42911
42922
42925
42926
42928
42937
42957
42960
42974
42991
43018
43021
43024
43031
43038
43046
43091
43096
43105
43117
43123
43134
43148
43150
43158
43159
43170
43172
43205
43208
43213
43223
43237
43269
43280
43289
43291
43319
43326
43332
43338
43349
43374
43399
43407
43414
43427
43433
43462
43477
43480
43496
43500
43504
43507
43515
43524
43534
43541
43567
43575
43580
43598
43612
43615
43638
43647
43653
43663
43665
43668
43669
43679
43697
43698
43699
43704
43712
43728
43734
43782
43795
43805
43806
43810
43840
43865
43882
43883
43896
43901
43908
43920
43927
43942
43943
43956
43959
43973
43986
43989
43993
44008
44010
44013
44035
44047
44060
44062
44079
44114
44118
44124
44132
44135
44147
44159
44160
44167
44171
44173
44190
44191
44192
44197
44209
44215
44217
44231
44232
44235
44239
44254
44288
44302
44303
44316
44317
44320
44328
44336
44367
44374
44375
44382
44387
44391
44404
44411
44416
44420
44421
44438
44456
44460
44463
44465
44472
44475
44520
44521
44522
44527
44558
44562
44564
44574
44577
44627
44635
44649
44675
44683
44689
44703
44706
44710
44711
44715
44727
44729
44750
44781
44798
44801
44839
44873
44879
44882
44883
44901
44902
44919
44925
44929
44932
44933
44942
44949
44964
45002
45003
45015
45023
45025
45031
45051
45076
45079
45087
45090
45094
45101
45146
45155
45168
45192
45198
45204
45212
45223
45257
45276
45294
45305
45307
45308
45315
45319
45343
45344
45347
45353
45356
45386
45404
45421
45437
45461
45475
45489
45520
45534
45540
45548
45562
45566
45569
45571
45604
45621
45622
45641
45649
45658
45660
45686
45699
45727
45737
45745
45768
45771
45780
45783
45793
45801
45811
45812
45821
45823
45826
45829
45860
45864
45904
45918
45960
45964
45967
45969
45986
46019
46020
46027
46031
46039
46040
46047
46063
46067
46076
46091
46093
46130
46141
46184
46189
46195
46206
46210
46222
46231
46239
46248
46261
46265
46272
46279
46287
46292
46296
46297
46299
46317
46330
46331
46332
46333
46350
46365
46369
46373
46388
46389
46403
46421
46427
46429
46438
46439
46470
46473
46477
46506
46522
46534
46539
46543
46551
46576
46579
46599
46600
46601
46611
46630
46631
46641
46650
46652
46656
46669
46678
46680
46683
46687
46694
46699
46713
46719
46731
46741
46742
46752
46753
46771
46803
46810
46824
46826
46828
46838
46843
46883
46891
46903
46904
46916
46929
46932
46937
46965
46974
47005
47017
47046
47067
47086
47090
47102
47106
47109
47117
47129
47144
47145
47153
47162
47177
47183
47208
47211
47232
47238
47250
47309
47310
47330
47336
47348
47373
47390
47391
47401
47404
47418
47427
47429
47436
47448
47455
47494
47511
47517
47548
47551
47553
47558
47560
47566
47574
47580
47586
47592
47594
47612
47620
47643
47651
47658
47663
47670
47677
47680
47693
47707
47738
47743
47753
47761
47762
47768
47769
47773
47781
47791
47793
47804
47809
47837
47848
47849
47854
47860
47863
47865
47879
47882
47888
47897
47914
47915
47928
47933
47956
47964
47995
48005
48012
48016
48061
48071
48072
48085
48100
48117
48122
48135
48156
48157
48189
48191
48202
48225
48226
48230
48244
48254
48258
48267
48281
48282
48295
48305
48322
48330
48336
48346
48350
48397
48423
48426
48452
48457
48461
48465
48468
48479
48493
48494
48537
48546
48552
48554
48557
48573
48590
48599
48610
48631
48649
48660
48675
48685
48689
48691
48694
48696
48726
48733
48735
48738
48777
48785
48813
48815
48831
48836
48845
48846
48850
48884
48894
48909
48914
48950
48960
48966
48979
48993
48998
49001
49004
49018
49031
49043
49050
49051
49057
49063
49080
49082
49083
49107
49141
49158
49159
49160
49170
49177
49191
49192
49206
49207
49209
49214
49220
49231
49238
49239
49243
49255
49271
49273
49290
49308
49320
49350
49359
49361
49366
49370
49377
49379
49388
49404
49414
49416
49431
49435
49451
49455
49456
49474
49476
49482
49483
49485
49510
49516
49534
49539
49550
49558
49561
49572
49581
49582
49588
49595
49596
49597
49614
49628
49629
49646
49651
49657
49660
49663
49677
49694
49695
49704
49706
49707
49709
49710
49724
49729
49738
49752
49754
49766
49783
49787
49802
49812
49825
49826
49830
49843
49844
49853
49859
49862
49872
49892
49903
49909
49911
49913
49920
49923
49926
49943
49944
49947
49955
49966
49973
49983
49988
49993
50002
50003
50041
50051
50052
50062
50063
50068
50072
50076
50089
50091
50099
50126
50128
50143
50147
50150
50154
50155
50172
50198
50201
50204
50208
50213
50217
50228
50239
50247
50248
50260
50276
50290
50303
50318
50332
50346
50359
50361
50366
50378
50385
50393
50405
50414
50415
50419
50430
50432
50438
50458
50459
50461
50463
50465
50489
50499
50503
50512
50529
50546
50547
50551
50555
50558
50561
50570
50575
50578
50583
50584
50587
50627
50628
50637
50642
50647
50660
50664
50665
50687
50693
50701
50721
50726
50727
50746
50749
50758
50776
50778
50780
50784
50789
50798
50802
50806
50809
50839
50858
50859
50861
50863
50886
50890
50894
50900
50904
50958
50961
50962
50969
50977
51026
51027
51054
51059
51083
51097
51100
51105
51136
51139
51143
51152
51164
51178
51181
51183
51188
51196
51208
51210
51211
51218
51257
51262
51277
51293
51304
51309
51311
51319
51323
51349
51367
51369
51372
51392
51394
51400
51412
51431
51438
51442
51444
51450
51464
51489
51509
51520
51521
51544
51549
51558
51567
51575
51580
51581
51593
51597
51603
51609
51611
51632
51637
51649
51653
51654
51657
51662
51688
51717
51740
51742
51744
51748
51751
51766
51774
51795
51798
51804
51807
51830
51837
51839
51854
51855
51872
51875
51876
51877
51889
51899
51903
51913
51914
51925
51945
51947
51951
51953
51966
51971
51972
51983
51995
52001
52029
52046
52052
52053
52083
52089
52098
52151
52154
52185
52193
52196
52197
52230
52231
52236
52251
52263
52274
52275
52287
52289
52290
52313
52316
52336
52337
52342
52343
52352
52356
52367
52371
52381
52389
52420
52428
52432
52437
52438
52440
52446
52450
52454
52455
52466
52491
52499
52506
52519
52553
52558
52559
52574
52642
52660
52662
52666
52678
52685
52720
52721
52731
52741
52763
52773
52779
52780
52786
52822
52835
52860
52872
52879
52889
52893
52948
52959
52983
52984
52993
53009
53015
53018
53044
53056
53093
53095
53098
53108
53117
53118
53120
53128
53151
53165
53174
53178
53179
53196
53199
53204
53216
53243
53261
53275
53292
53305
53306
53337
53343
53347
53351
53358
53377
53415
53419
53423
53424
53444
53471
53478
53493
53518
53519
53522
53523
53526
53529
53540
53567
53569
53587
53601
53646
53655
53661
53668
53671
53672
53693
53695
53705
53743
53746
53767
53772
53775
53790
53808
53827
53828
53833
53837
53840
53845
53866
53869
53876
53886
53889
53890
53895
53902
53910
53928
53952
53965
53980
54004
54012
54026
54028
54029
54059
54072
54081
54104
54150
54159
54175
54180
54182
54184
54199
54200
54231
54242
54256
54268
54293
54325
54328
54336
54363
54364
54385
54393
54396
54397
54409
54410
54411
54421
54425
54444
54463
54464
54468
54473
54474
54495
54496
54531
54533
54536
54538
54550
54581
54594
54596
54610
54612
54618
54622
54657
54668
54682
54706
54709
54724
54726
54728
54734
54745
54755
54758
54765
54772
54774
54788
54838
54841
54848
54855
54881
54885
54892
54895
54906
54926
54939
54942
54949
54952
54968
54976
54980
55000
55012
55016
55026
55028
55033
55038
55051
55057
55070
55095
55097
55099
55107
55109
55118
55136
55142
55147
55164
55166
55167
55169
55174
55178
55179
55186
55196
55197
55198
55215
55224
55238
55250
55254
55268
55296
55300
55303
55310
55334
55341
55343
55355
55376
55377
55389
55405
55411
55412
55416
55420
55457
55461
55492
55501
55510
55517
55519
55520
55535
55552
55556
55559
55560
55561
55573
55577
55583
55599
55603
55618
55628
55644
55646
55664
55665
55672
55681
55692
55713
55732
55737
55750
55758
55760
55781
55785
55788
55816
55823
55828
55872
55880
55886
55890
55909
55910
55912
55913
55921
55926
55938
55949
55968
55996
55999
56014
56021
56027
56031
56032
56033
56039
56048
56053
56067
56074
56090
56093
56101
56109
56114
56115
56117
56130
56132
56138
56150
56158
56170
56174
56176
56180
56200
56202
56248
56253
56254
56258
56270
56293
56297
56301
56306
56327
56329
56341
56346
56350
56361
56370
56385
56397
56412
56413
56444
56447
56450
56454
56475
56505
56514
56538
56544
56545
56549
56557
56571
56578
56580
56581
56596
56631
56640
56651
56667
56670
56676
56678
56697
56706
56709
56736
56738
56741
56761
56779
56788
56791
56796
56816
56818
56839
56847
56864
56866
56871
56878
56889
56894
56901
56909
56915
56919
56923
56927
56959
56969
56983
56996
57010
57018
57019
57023
57034
57044
57048
57061
57066
57083
57085
57088
57095
57097
57112
57119
57133
57134
57147
57148
57165
57193
57200
57208
57234
57241
57248
57269
57304
57316
57321
57344
57350
57371
57377
57393
57418
57473
57484
57485
57493
57494
57533
57536
57541
57563
57565
57572
57575
57578
57595
57624
57634
57647
57648
57659
57687
57693
57697
57709
57740
57745
57764
57784
57793
57802
57803
57804
57807
57816
57820
57852
57855
57858
57875
57890
57891
57898
57913
57915
57942
57946
57947
57958
57960
57973
57982
58010
58015
58019
58074
58077
58081
58082
58094
58095
58100
58127
58128
58132
58135
58163
58168
58183
58193
58200
58211
58219
58222
58230
58236
58254
58287
58307
58321
58323
58325
58329
58354
58361
58372
58385
58413
58434
58472
58477
58479
58496
58497
58499
58505
58509
58515
58532
58544
58549
58554
58557
58559
58590
58596
58624
58666
58681
58690
58698
58716
58718
58722
58728
58729
58738
58746
58754
58755
58764
58767
58774
58786
58787
58801
58802
58814
58842
58851
58858
58860
58866
58885
58899
58915
58926
58974
58985
58989
58991
59000
59008
59021
59025
59038
59049
59051
59056
59067
59077
59078
59097
59105
59113
59118
59135
59140
59146
59168
59174
59181
59185
59193
59197
59204
59221
59227
59237
59243
59249
59263
59268
59291
59293
59305
59335
59374
59375
59377
59378
59385
59388
59414
59417
59425
59428
59434
59443
59445
59451
59454
59456
59458
59460
59469
59475
59478
59483
59493
59497
59545
59553
59580
59582
59596
59601
59624
59634
59638
59652
59656
59658
59672
59680
59688
59695
59718
59735
59746
59748
59749
59751
59760
59790
59796
59800
59809
59813
59832
59834
59846
59857
59878
59894
59908
59923
59924
59926
59941
59952
59957
59964
59976
59991
59996
60004
60007
60016
60027
60051
60068
60080
60088
60100
60126
60140
60141
60147
60166
60173
60185
60188
60204
60218
60226
60244
60251
60253
60257
60260
60291
60296
60300
60301
60308
60311
60315
60318
60351
60358
60368
60373
60375
60377
60387
60408
60414
60415
60440
60472
60502
60504
60518
60564
60569
60588
60594
60605
60628
60631
60632
60675
60703
60710
60715
60723
60734
60735
60743
60754
60759
60777
60778
60785
60787
60805
60812
60822
60836
60837
60841
60843
60863
60864
60893
60896
60898
60901
60914
60927
60940
60942
60959
60979
60984
60986
60988
61000
61002
61007
61015
61017
61026
61032
61036
61059
61069
61085
61107
61110
61122
61133
61137
61138
61140
61148
61152
61158
61189
61191
61199
61209
61215
61229
61236
61242
61247
61260
61269
61270
61286
61293
61307
61309
61322
61325
61329
61354
61361
61369
61374
61380
61390
61394
61413
61415
61449
61475
61485
61486
61488
61494
61526
61529
61554
61558
61561
61572
61585
61596
61599
61614
61628
61637
61642
61643
61693
61728
61733
61756
61763
61782
61793
61810
61823
61836
61847
61855
61860
61871
61889
61897
61916
61931
61938
61939
61948
61955
61956
61960
61975
61979
62002
62003
62004
62006
62013
62031
62034
62043
62048
62049
62053
62063
62097
62102
62114
62119
62122
62124
62125
62127
62131
62160
62178
62192
62195
62213
62218
62233
62236
62242
62246
62252
62283
62323
62334
62342
62359
62365
62366
62374
62377
62385
62388
62393
62394
62396
62399
62411
62414
62417
62420
62431
62442
62460
62480
62481
62490
62505
62516
62525
62526
62533
62545
62550
62555
62560
62564
62567
62570
62596
62599
62600
62603
62615
62632
62636
62644
62647
62649
62670
62671
62681
62700
62704
62708
62723
62729
62747
62749
62758
62759
62768
62770
62777
62785
62787
62798
62807
62817
62838
62848
62856
62868
62876
62885
62887
62898
62907
62910
62917
62919
62927
62929
62934
62957
62962
62972
62986
62988
62990
63006
63008
63041
63043
63048
63056
63060
63063
63078
63083
63084
63092
63095
63100
63104
63114
63120
63183
63193
63210
63218
63222
63227
63258
63261
63282
63288
63291
63296
63298
63308
63312
63316
63327
63337
63353
63366
63423
63429
63433
63434
63443
63451
63452
63464
63476
63484
63505
63513
63514
63522
63527
63549
63582
63604
63611
63624
63630
63646
63649
63653
63672
63674
63689
63690
63692
63729
63759
63763
63764
63766
63767
63777
63783
63784
63786
63804
63808
63815
63816
63841
63844
63866
63870
63878
63887
63897
63900
63910
63939
63946
63954
63958
63968
63971
63972
63974
63986
63991
63997
64019
64026
64037
64076
64078
64093
64102
64111
64112
64113
64129
64152
64155
64157
64159
64160
64167
64172
64175
64194
64198
64199
64202
64248
64255
64259
64265
64290
64322
64324
64336
64352
64353
64359
64369
64371
64391
64393
64400
64405
64417
64418
64433
64446
64449
64455
64469
64475
64477
64484
64493
64504
64509
64511
64516
64522
64538
64563
64605
64612
64614
64616
64617
64626
64658
64668
64679
64690
64700
64702
64709
64722
64729
64748
64755
64797
64814
64827
64838
64867
64873
64874
64875
64878
64888
64916
64919
64922
64931
64951
64952
64956
64957
64960
64964
64971
64975
64989
64994
65007
65008
65011
65019
65025
65026
65027
65029
65035
65036
65056
65062
65080
65092
65108
65142
65143
65145
65152
65161
65163
65164
65165
65169
65170
65173
65190
65210
65215
65226
65230
65231
65243
65250
65259
65315
65323
65335
65354
65371
65372
65377
65394
65407
65420
65427
65428
65444
65449
65457
65463
65492
65497
65506
65510
65516
65517
65524
65526
65536
65538
65551
65564
65571
65572
65580
65585
65591
65592
65594
65595
65613
65634
65637
65642
65669
65674
65694
65699
65707
65710
65715
65751
65768
65772
65777
65786
65799
65800
65801
65825
65833
65836
65846
65847
65863
65867
65876
65878
65880
65891
65892
65916
65923
65926
65928
65937
65953
65956
65959
65965
65994
66003
66007
66024
66051
66052
66063
66067
66086
66094
66100
66114
66120
66122
66126
66135
66144
66167
66172
66188
66203
66214
66225
66238
66245
66248
66276
66279
66283
66293
66294
66297
66319
66340
66347
66359
66367
66373
66385
66391
66398
66399
66403
66422
66428
66436
66445
66453
66462
66463
66478
66479
66496
66498
66510
66526
66529
66543
66544
66545
66555
66560
66575
66580
66584
66595
66597
66606
66615
66628
66631
66650
66657
66664
66677
66686
66694
66702
66712
66729
66738
66761
66764
66789
66791
66823
66828
66851
66855
66858
66879
66909
66918
66926
66931
66936
66947
66950
66951
66957
66980
67004
67006
67011
67014
67019
67026
67035
67043
67044
67049
67050
67081
67086
67110
67134
67138
67139
67162
67164
67188
67194
67196
67200
67210
67212
67213
67228
67250
67270
67278
67282
67296
67302
67321
67338
67345
67364
67373
67381
67383
67392
67395
67397
67398
67407
67436
67445
67481
67482
67488
67492
67503
67510
67511
67513
67518
67525
67528
67529
67532
67535
67540
67548
67575
67589
67598
67622
67638
67642
67645
67660
67673
67676
67683
67686
67688
67703
67708
67728
67743
67748
67784
67791
67798
67800
67818
67836
67840
67846
67851
67865
67870
67880
67893
67908
67917
67918
67925
67929
67936
67947
67951
67966
67969
67975
67986
67996
68009
68021
68028
68037
68049
68089
68090
68094
68101
68105
68113
68115
68119
68130
68147
68156
68157
68178
68187
68190
68194
68201
68231
68242
68253
68256
68260
68266
68269
68275
68287
68293
68298
68301
68302
68303
68322
68324
68333
68339
68346
68356
68367
68382
68401
68403
68434
68450
68470
68487
68498
68528
68530
68539
68543
68554
68589
68590
68596
68599
68600
68605
68637
68652
68655
68659
68662
68665
68676
68680
68721
68737
68741
68744
68749
68753
68755
68760
68768
68774
68778
68786
68789
68820
68821
68826
68832
68835
68839
68865
68869
68870
68875
68876
68877
68881
68882
68897
68898
68912
68916
68919
68934
68941
68954
68958
68964
68965
68971
68976
68980
68985
68994
68995
69006
69019
69034
69048
69063
69070
69089
69096
69098
69101
69102
69103
69105
69113
69114
69119
69136
69155
69165
69184
69186
69237
69290
69300
69306
69309
69320
69338
69355
69357
69358
69361
69366
69373
69413
69418
69420
69429
69431
69434
69436
69442
69468
69482
69497
69501
69517
69518
69549
69567
69583
69588
69608
69615
69620
69648
69659
69667
69691
69694
69697
69729
69733
69764
69775
69780
69802
69803
69812
69817
69827
69838
69840
69843
69844
69860
69861
69872
69875
69897
69899
69922
69927
69930
69941
69957
69959
69960
69966
69981
69986
69989
69991
69998
70011
70041
70045
70056
70057
70072
70079
70080
70086
70087
70098
70122
70128
70135
70142
70143
70146
70153
70161
70178
70179
70192
70199
70202
70203
70218
70222
70235
70258
70262
70266
70284
70287
70307
70311
70315
70321
70326
70327
70340
70343
70347
70359
70360
70381
70393
70397
70422
70432
70457
70465
70478
70488
70498
70506
70510
70515
70552
70555
70571
70574
70578
70597
70604
70611
70624
70655
70660
70676
70677
70708
70709
70716
70719
70720
70729
70736
70750
70757
70764
70782
70792
70796
70797
70802
70810
70811
70815
70821
70845
70869
70880
70881
70883
70888
70890
70898
70904
70933
70943
70944
70977
70978
70984
70989
70996
71008
71017
71022
71036
71048
71050
71068
71070
71089
71091
71098
71099
71102
71105
71133
71150
71157
71163
71172
71178
71190
71191
71213
71226
71245
71269
71283
71294
71309
71372
71384
71391
71394
71400
71402
71404
71413
71429
71434
71446
71457
71467
71488
71494
71499
71517
71534
71535
71549
71552
71565
71581
71601
71603
71609
71622
71629
71655
71660
71686
71693
71700
71705
71731
71742
71744
71752
71755
71785
71804
71814
71818
71833
71836
71837
71841
71864
71869
71873
71883
71890
71896
71901
71916
71958
71962
71994
72015
72057
72069
72071
72075
72082
72101
72104
72109
72110
72123
72129
72139
72143
72163
72164
72191
72225
72227
72238
72242
72271
72296
72305
72313
72323
72324
72325
72332
72335
72338
72343
72354
72393
72399
72412
72432
72448
72451
72466
72471
72480
72492
72494
72503
72505
72511
72513
72527
72545
72564
72565
72590
72593
72610
72616
72621
72626
72630
72649
72654
72655
72656
72666
72671
72720
72723
72728
72737
72743
72754
72768
72801
72813
72866
72868
72871
72878
72889
72898
72899
72905
72914
72924
72925
72926
72927
72932
72940
72944
72955
72980
72984
72996
73002
73010
73015
73021
73043
73050
73053
73055
73071
73082
73092
73111
73113
73115
73119
73125
73127
73164
73170
73185
73190
73197
73209
73220
73224
73234
73249
73253
73258
73262
73283
73284
73288
73290
73303
73306
73329
73333
73341
73353
73355
73356
73364
73389
73404
73406
73430
73443
73445
73477
73517
73524
73528
73540
73541
73549
73585
73595
73603
73609
73613
73618
73638
73646
73650
73656
73658
73672
73685
73690
73707
73708
73722
73733
73738
73744
73756
73760
73763
73767
73771
73786
73811
73817
73824
73848
73852
73863
73877
73892
73894
73895
73919
73927
73943
73955
73963
73968
73970
74021
74022
74028
74037
74054
74075
74080
74083
74085
74090
74097
74103
74116
74125
74129
74138
74148
74161
74165
74170
74181
74185
74192
74221
74222
74235
74240
74243
74249
74252
74290
74327
74330
74332
74335
74377
74378
74381
74384
74390
74403
74411
74416
74417
74421
74428
74462
74476
74477
74479
74489
74511
74542
74552
74556
74565
74582
74594
74633
74643
74654
74674
74732
74736
74750
74754
74758
74760
74767
74773
74775
74780
74787
74789
74794
74802
74841
74848
74853
74857
74865
74871
74879
74881
74885
74887
74902
74912
74913
74914
74915
74932
74968
74976
74985
75000
75003
75017
75029
75069
75072
75082
75096
75123
75126
75138
75145
75146
75148
75151
75157
75158
75163
75168
75178
75180
75185
75191
75200
75202
75212
75238
75245
75248
75256
75270
75273
75278
75291
75294
75298
75308
75321
75331
75337
75357
75366
75382
75395
75406
75408
75431
75445
75450
75475
75480
75483
75485
75486
75498
75522
75535
75564
75586
75595
75596
75597
75600
75613
75639
75641
75654
75675
75690
75711
75712
75713
75714
75716
75727
75734
75766
75770
75775
75790
75791
75797
75824
75857
75862
75863
75873
75883
75888
75894
75920
75922
75930
75932
75941
75950
75951
75963
75966
75968
75984
75987
76016
76027
76042
76044
76047
76072
76080
76084
76105
76111
76112
76127
76132
76159
76162
76165
76168
76172
76178
76181
76190
76191
76197
76242
76264
76266
76275
76291
76294
76298
76307
76310
76315
76318
76331
76340
76380
76385
76389
76391
76394
76399
76403
76418
76422
76430
76435
76445
76454
76460
76493
76496
76498
76499
76508
76517
76522
76542
76545
76549
76563
76567
76572
76575
76578
76590
76606
76621
76625
76626
76632
76651
76671
76686
76730
76734
76769
76772
76798
76806
76808
76841
76854
76859
76866
76872
76883
76887
76910
76938
76941
76947
76956
76967
76990
77008
77018
77019
77049
77054
77065
77071
77082
77089
77092
77111
77112
77114
77133
77135
77140
77141
77149
77168
77184
77206
77218
77224
77254
77260
77265
77268
77269
77287
77303
77327
77334
77338
77354
77357
77362
77368
77370
77417
77422
77432
77445
77463
77465
77468
77476
77481
77487
77490
77524
77527
77531
77537
77564
77565
77570
77582
77583
77601
77617
77635
77638
77673
77686
77691
77698
77699
77703
77710
77715
77725
77745
77759
77774
77776
77800
77801
77803
77811
77832
77843
77856
77860
77872
77873
77874
77889
77895
77917
77923
77929
77932
77934
77937
77959
77981
77989
77993
78001
78010
78013
78022
78040
78045
78046
78048
78051
78068
78073
78083
78090
78103
78113
78135
78152
78158
78164
78168
78183
78211
78212
78213
78223
78233
78235
78237
78244
78257
78274
78282
78334
78341
78342
78345
78347
78356
78370
78372
78375
78410
78412
78416
78441
78444
78463
78474
78485
78488
78490
78495
78496
78497
78521
78527
78531
78533
78537
78580
78613
78635
78645
78650
78663
78674
78682
78683
78700
78702
78703
78719
78742
78745
78750
78752
78765
78776
78784
78788
78790
78792
78798
78805
78829
78837
78844
78849
78913
78918
78924
78929
78934
78956
78967
78980
78988
78989
78999
79009
79025
79032
79073
79075
79084
79101
79103
79163
79170
79187
79194
79196
79203
79224
79227
79246
79250
79265
79271
79277
79295
79306
79310
79319
79322
79335
79344
79346
79353
79354
79358
79366
79367
79368
79371
79376
79396
79399
79401
79402
79403
79411
79414
79438
79450
79454
79482
79484
79513
79524
79537
79545
79559
79568
79570
79579
79583
79612
79614
79627
79640
79648
79656
79658
79663
79664
79676
79704
79720
79731
79736
79737
79740
79759
79777
79793
79821
79839
79851
79873
79875
79877
79879
79885
79889
79894
79895
79897
79905
79916
79917
79925
79941
79957
79964
79968
79997
80001
80008
80012
80024
80038
80052
80087
80100
80106
80121
80127
80130
80131
80175
80199
80206
80217
80227
80236
80240
80244
80245
80247
80260
80284
80296
80305
80331
80341
80357
80358
80361
80389
80398
80414
80420
80422
80435
80441
80456
80467
80477
80495
80497
80500
80523
80533
80542
80561
80584
80589
80598
80609
80627
80636
80644
80659
80676
80678
80683
80684
80704
80708
80709
80713
80742
80748
80758
80762
80771
80777
80796
80798
80826
80840
80846
80847
80848
80850
80858
80867
80872
80874
80876
80884
80891
80894
80904
80911
80917
80927
80958
80962
80977
80992
81039
81040
81049
81063
81067
81069
81073
81099
81101
81114
81121
81147
81149
81154
81157
81161
81165
81185
81192
81195
81198
81200
81202
81211
81226
81228
81229
81244
81251
81257
81265
81280
81285
81294
81326
81331
81350
81352
81366
81377
81379
81384
81396
81397
81401
81403
81406
81411
81420
81427
81430
81440
81476
81488
81516
81524
81542
81544
81560
81567
81569
81571
81572
81573
81578
81600
81625
81639
81644
81648
81651
81658
81668
81676
81694
81699
81702
81707
81711
81712
81746
81754
81756
81768
81784
81797
81806
81825
81837
81845
81854
81864
81886
81891
81913
81915
81916
81923
81951
81965
81969
81973
81981
81994
82001
82011
82013
82025
82035
82040
82062
82069
82085
82107
82110
82112
82113
82115
82116
82119
82123
82125
82126
82143
82154
82156
82160
82205
82206
82227
82240
82245
82247
82249
82257
82264
82283
82284
82303
82315
82319
82326
82344
82348
82377
82394
82396
82415
82438
82441
82449
82455
82460
82484
82492
82517
82530
82537
82546
82569
82579
82580
82581
82587
82601
82613
82618
82627
82660
82704
82706
82734
82747
82751
82755
82761
82771
82773
82778
82785
82804
82808
82811
82812
82815
82845
82855
82859
82860
82868
82879
82886
82904
82910
82911
82949
82963
82965
82968
82970
82972
82976
82979
82991
82994
83014
83016
83024
83037
83038
83068
83076
83077
83082
83089
83110
83113
83119
83129
83130
83134
83162
83177
83180
83192
83206
83207
83218
83221
83239
83240
83246
83266
83267
83279
83282
83294
83319
83321
83325
83328
83329
83337
83340
83349
83351
83352
83386
83406
83412
83416
83425
83426
83435
83450
83451
83459
83462
83469
83471
83475
83485
83486
83488
83518
83575
83576
83581
83590
83591
83599
83601
83615
83618
83648
83650
83658
83671
83678
83684
83692
83695
83700
83715
83728
83758
83769
83781
83786
83789
83798
83820
83849
83855
83889
83899
83918
83928
83951
83958
83959
83966
83970
83971
83973
83997
84012
84018
84037
84041
84050
84052
84075
84079
84081
84095
84098
84099
84100
84145
84148
84177
84196
84203
84221
84240
84277
84280
84308
84309
84320
84333
84335
84338
84360
84363
84378
84381
84383
84390
84446
84447
84470
84471
84532
84533
84543
84552
84579
84589
84596
84600
84604
84611
84630
84635
84642
84649
84663
84664
84674
84685
84692
84696
84709
84729
84745
84774
84778
84785
84800
84806
84809
84814
84819
84849
84852
84853
84855
84860
84872
84880
84882
84886
84905
84918
84923
84924
84939
84954
84959
84961
84976
85016
85035
85050
85058
85062
85074
85077
85082
85108
85118
85130
85144
85171
85180
85213
85236
85239
85246
85249
85250
85258
85260
85268
85272
85285
85298
85305
85310
85315
85336
85354
85358
85368
85391
85400
85414
85435
85459
85472
85491
85492
85497
85502
85510
85517
85522
85531
85564
85568
85572
85583
85610
85612
85623
85645
85650
85651
85654
85660
85665
85676
85678
85683
85705
85727
85733
85742
85757
85767
85777
85780
85785
85793
85794
85800
85801
85803
85804
85814
85838
85846
85853
85875
85878
85881
85884
85888
85893
85901
85902
85907
85910
85921
85945
85977
85983
85992
86000
86004
86022
86034
86038
86045
86049
86051
86059
86062
86073
86085
86087
86095
86122
86128
86136
86137
86144
86156
86160
86170
86180
86184
86192
86198
86215
86234
86247
86255
86256
86261
86266
86271
86278
86280
86282
86290
86297
86308
86310
86311
86324
86327
86328
86329
86330
86336
86340
86348
86361
86367
86370
86371
86389
86391
86395
86412
86414
86425
86454
86455
86458
86467
86480
86492
86517
86525
86531
86539
86549
86564
86572
86591
86621
86628
86648
86650
86668
86672
86679
86682
86684
86689
86697
86710
86714
86735
86744
86767
86768
86770
86771
86774
86779
86783
86803
86804
86820
86831
86839
86845
86847
86861
86862
86880
86909
86914
86925
86939
86957
86960
86981
86982
86986
86988
86990
87003
87004
87009
87010
87020
87029
87040
87042
87043
87048
87076
87088
87091
87093
87103
87135
87151
87175
87181
87190
87194
87213
87215
87219
87227
87286
87287
87322
87328
87338
87341
87357
87361
87362
87406
87414
87427
87432
87446
87448
87453
87458
87473
87487
87496
87506
87520
87540
87562
87568
87575
87599
87600
87613
87624
87629
87659
87662
87671
87683
87699
87722
87742
87743
87744
87757
87765
87786
87789
87790
87795
87800
87810
87841
87845
87865
87874
87907
87919
87928
87935
87945
87960
87968
87969
87979
87988
88000
88003
88013
88029
88032
88039
88047
88049
88053
88062
88068
88071
88076
88080
88084
88095
88104
88115
88128
88133
88135
88140
88144
88146
88155
88186
88187
88192
88202
88228
88235
88240
88263
88270
88287
88297
88319
88325
88328
88335
88348
88349
88352
88361
88369
88372
88373
88395
88405
88407
88422
88425
88429
88430
88440
88456
88464
88480
88487
88490
88492
88497
88510
88525
88527
88537
88552
88560
88564
88579
88590
88595
88601
88610
88617
88624
88631
88633
88639
88641
88659
88677
88680
88683
88688
88733
88740
88758
88759
88763
88771
88782
88788
88793
88803
88805
88820
88835
88839
88847
88849
88850
88864
88867
88885
88889
88895
88900
88905
88906
88912
88915
88934
88940
88945
88953
88961
88964
88981
88997
88998
89006
89023
89054
89064
89067
89069
89093
89108
89121
89161
89173
89180
89182
89201
89206
89211
89214
89216
89236
89242
89246
89247
89285
89292
89303
89304
89306
89328
89339
89345
89350
89354
89355
89373
89379
89391
89398
89399
89405
89408
89414
89426
89428
89436
89448
89461
89474
89490
89506
89509
89512
89513
89527
89531
89551
89559
89565
89572
89577
89590
89591
89601
89609
89626
89636
89637
89641
89649
89651
89668
89678
89688
89706
89710
89720
89730
89748
89756
89758
89771
89790
89793
89794
89802
89806
89812
89817
89829
89850
89852
89854
89859
89867
89879
89925
89935
89959
89969
89977
89992
90005
90006
90007
90024
90036
90040
90049
90073
90110
90116
90118
90128
90133
90136
90141
90147
90151
90156
90161
90178
90181
90182
90184
90187
90192
90194
90207
90234
90263
90269
90270
90271
90294
90302
90338
90341
90345
90372
90385
90393
90408
90414
90423
90426
90442
90443
90449
90461
90462
90467
90476
90485
90499
90531
90537
90538
90551
90555
90567
90594
90602
90624
90625
90631
90640
90649
90664
90669
90677
90679
90696
90703
90706
90712
90719
90737
90739
90746
90776
90777
90783
90788
90790
90799
90809
90822
90827
90836
90855
90863
90864
90866
90874
90877
90883
90896
90902
90928
90953
90963
90972
90984
90986
90999
91002
91004
91016
91025
91027
91057
91076
91084
91087
91098
91104
91127
91151
91179
91190
91223
91226
91228
91229
91236
91241
91244
91262
91264
91271
91276
91280
91284
91285
91312
91318
91321
91327
91331
91338
91342
91343
91351
91364
91392
91404
91409
91410
91424
91439
91441
91444
91468
91482
91483
91488
91490
91497
91499
91501
91506
91509
91518
91521
91522
91553
91568
91575
91577
91581
91593
91597
91600
91607
91610
91623
91625
91627
91646
91650
91655
91657
91660
91661
91674
91677
91684
91729
91759
91760
91769
91771
91773
91783
91793
91798
91799
91840
91850
91860
91878
91884
91890
91905
91915
91937
91942
91952
91957
91969
91972
91989
91991
91995
91998
92005
92022
92024
92029
92030
92032
92036
92052
92054
92066
92068
92096
92098
92099
92115
92116
92129
92131
92150
92157
92163
92168
92171
92181
92193
92203
92209
92238
92248
92261
92284
92289
92291
92299
92304
92323
92338
92343
92350
92352
92357
92358
92381
92389
92390
92401
92403
92429
92446
92447
92454
92456
92474
92483
92488
92498
92519
92522
92534
92552
92556
92567
92572
92583
92584
92601
92621
92627
92633
92639
92644
92650
92651
92680
92693
92695
92708
92709
92729
92742
92770
92775
92782
92784
92794
92797
92808
92811
92841
92846
92851
92872
92877
92880
92881
92888
92895
92897
92917
92919
92921
92922
92923
92924
92935
92944
92948
92950
92965
92985
92986
92993
93016
93036
93043
93049
93053
93061
93081
93093
93107
93110
93115
93124
93131
93137
93147
93167
93175
93195
93205
93206
93219
93229
93241
93248
93252
93257
93262
93289
93296
93297
93318
93335
93397
93404
93420
93424
93427
93454
93468
93470
93486
93491
93528
93542
93549
93551
93558
93570
93590
93592
93600
93602
93612
93619
93620
93623
93628
93629
93665
93667
93679
93685
93690
93702
93715
93771
93773
93779
93787
93788
93801
93811
93833
93877
93880
93891
93914
93919
93926
93932
93939
93972
93996
94004
94043
94047
94049
94053
94061
94073
94098
94112
94117
94126
94135
94141
94147
94153
94155
94164
94165
94170
94230
94244
94249
94255
94256
94261
94273
94284
94290
94294
94298
94305
94318
94329
94333
94334
94345
94361
94367
94396
94401
94420
94423
94432
94436
94438
94439
94453
94454
94465
94466
94474
94477
94478
94486
94491
94512
94517
94526
94535
94543
94552
94562
94567
94570
94572
94580
94583
94591
94593
94596
94601
94605
94607
94611
94635
94654
94667
94673
94689
94698
94702
94710
94721
94730
94746
94753
94760
94783
94791
94794
94800
94804
94826
94830
94839
94840
94848
94855
94866
94875
94876
94880
94906
94908
94916
94929
94932
94953
94959
94960
94974
94988
94995
95028
95031
95036
95046
95048
95059
95063
95066
95072
95076
95089
95090
95092
95097
95107
95109
95117
95132
95133
95159
95161
95194
95198
95208
95209
95219
95229
95243
95263
95297
95318
95320
95322
95324
95328
95329
95344
95371
95374
95384
95402
95420
95423
95439
95447
95448
95452
95474
95475
95477
95478
95481
95486
95489
95490
95528
95536
95549
95564
95567
95574
95591
95600
95609
95628
95638
95648
95653
95657
95660
95666
95675
95680
95685
95692
95699
95714
95717
95724
95738
95739
95744
95762
95766
95778
95785
95809
95820
95826
95847
95860
95889
95896
95906
95920
95926
95927
95937
95963
95980
96004
96018
96035
96043
96050
96051
96083
96085
96090
96094
96101
96115
96116
96119
96135
96159
96172
96177
96185
96206
96208
96260
96261
96268
96293
96294
96301
96306
96309
96311
96316
96317
96333
96350
96351
96365
96390
96396
96406
96418
96419
96426
96430
96434
96436
96455
96462
96494
96508
96527
96532
96534
96536
96552
96570
96574
96585
96586
96596
96638
96643
96661
96667
96689
96690
96693
96709
96710
96720
96728
96729
96730
96744
96777
96786
96825
96828
96838
96850
96859
96877
96886
96910
96912
96926
96943
96956
96968
96986
96987
96992
96998
97007
97021
97052
97055
97072
97074
97096
97102
97132
97144
97150
97159
97160
97164
97192
97196
97204
97216
97217
97223
97233
97234
97237
97249
97252
97253
97261
97269
97287
97290
97308
97318
97333
97338
97341
97348
97378
97404
97405
97408
97411
97417
97419
97433
97439
97443
97455
97464
97473
97484
97509
97525
97526
97531
97536
97547
97549
97554
97568
97582
97624
97631
97647
97649
97653
97663
97686
97688
97697
97698
97714
97735
97739
97741
97757
97760
97761
97766
97786
97792
97806
97825
97832
97859
97870
97877
97878
97887
97907
97909
97921
97926
97933
97935
97936
97951
97957
97972
97993
98010
98012
98016
98017
98018
98022
98024
98026
98032
98044
98045
98058
98062
98070
98075
98078
98094
98098
98102
98111
98125
98132
98138
98162
98167
98185
98215
98229
98240
98249
98250
98252
98253
98260
98269
98284
98286
98289
98296
98310
98318
98324
98330
98338
98341
98350
98365
98371
98384
98405
98408
98409
98415
98429
98433
98449
98450
98463
98469
98471
98472
98478
98489
98494
98507
98515
98542
98543
98555
98571
98581
98589
98598
98610
98617
98621
98633
98638
98639
98648
98655
98664
98672
98681
98686
98691
98692
98693
98696
98699
98715
98764
98771
98775
98783
98785
98787
98796
98827
98836
98873
98879
98888
98891
98892
98899
98901
98903
98904
98933
98947
98949
98962
98985
98990
98997
98999
99005
99006
99016
99033
99046
99054
99064
99078
99082
99085
99091
99094
99096
99100
99104
99118
99138
99140
99146
99169
99188
99201
99202
99212
99214
99223
99236
99253
99298
99299
99308
99321
99333
99355
99368
99374
99395
99413
99415
99430
99434
99437
99440
99452
99458
99459
99463
99479
99484
99508
99535
99540
99542
99546
99569
99570
99591
99607
99615
99623
99638
99658
99691
99698
99716
99723
99734
99737
99740
99765
99772
99839
99849
99854
99885
99889
99890
99892
99904
99913
99921
99934
99936
99937
99942
99961
99963
99973
99976
99977
99987
100014
100036
100045
100054
100075
100092
100100
100104
100128
100143
100148
100153
100156
100169
100192
100195
100202
100206
100217
100225
100233
100249
100255
100272
100279
100289
100333
100337
100375
100383
100389
100398
100404
100411
100420
100461
100469
100471
100488
100490
100500
100502
100507
100513
100537
100553
100554
100556
100589
100591
100608
100614
100627
100635
100636
100637
100646
100661
100665
100666
100681
100685
100688
100689
100694
100716
100723
100726
100747
100763
100768
100769
100774
100781
100787
100798
100802
100812
100820
100835
100837
100864
100895
100914
100927
100929
100946
100950
100966
100969
100984
101010
101017
101021
101025
101027
101035
101045
101046
101051
101055
101060
101065
101066
101072
101097
101101
101128
101130
101138
101141
101172
101205
101210
101216
101231
101232
101271
101283
101287
101311
101340
101346
101349
101352
101379
101388
101391
101393
101394
101407
101410
101418
101424
101436
101447
101449
101470
101471
101478
101479
101492
101506
101542
101549
101551
101553
101564
101565
101578
101582
101608
101613
101623
101635
101643
101645
101648
101650
101665
101667
101684
101687
101690
101698
101715
101717
101721
101750
101767
101771
101785
101800
101802
101809
101823
101853
101866
101889
101897
101904
101950
101958
101966
101969
101975
101977
101996
102035
102041
102057
102069
102073
102076
102081
102112
102118
102121
102125
102159
102186
102192
102197
102201
102209
102228
102243
102245
102254
102266
102272
102275
102281
102284
102314
102319
102335
102356
102361
102375
102379
102385
102435
102439
102441
102442
102463
102471
102483
102487
102489
102517
102527
102574
102600
102602
102622
102632
102653
102677
102678
102700
102746
102748
102749
102768
102771
102780
102797
102799
102800
102808
102813
102827
102837
102842
102862
102871
102872
102885
102899
102907
102908
102920
102960
102984
102988
102989
102990
102995
102996
103008
103014
103035
103062
103066
103067
103074
103075
103077
103082
103100
103114
103121
103126
103127
103147
103155
103169
103170
103204
103206
103215
103232
103239
103244
103254
103257
103268
103270
103280
103284
103288
103290
103301
103311
103324
103334
103339
103350
103352
103353
103366
103376
103378
103383
103384
103411
103423
103427
103440
103443
103449
103463
103472
103482
103486
103499
103514
103515
103531
103541
103559
103576
103589
103609
103616
103621
103630
103639
103648
103651
103670
103703
103716
103730
103736
103748
103750
103764
103765
103773
103775
103798
103849
103860
103873
103877
103892
103896
103915
103933
103934
103946
103949
103955
103956
103961
103969
103972
103977
103991
103994
104001
104009
104045
104049
104062
104068
104076
104103
104166
104171
104173
104175
104180
104189
104194
104195
104200
104205
104213
104216
104232
104238
104245
104269
104271
104273
104286
104293
104295
104297
104300
104316
104320
104326
104337
104364
104372
104374
104386
104395
104397
104413
104418
104429
104457
104463
104464
104483
104518
104524
104525
104538
104571
104578
104598
104609
104624
104632
104633
104644
104650
104651
104656
104660
104666
104690
104693
104696
104736
104748
104767
104779
104796
104797
104808
104820
104840
104845
104858
104871
104881
104884
104891
104893
104907
104917
104926
104927
104954
104955
104959
104960
104964
104966
104995
104996
105011
105013
105014
105018
105019
105029
105041
105043
105046
105048
105054
105067
105101
105128
105133
105135
105154
105160
105164
105166
105170
105172
105173
105181
105185
105191
105205
105220
105228
105232
105239
105240
105242
105257
105274
105280
105309
105345
105360
105377
105388
105391
105392
105396
105398
105411
105420
105424
105430
105447
105455
105459
105470
105485
105489
105490
105506
105507
105534
105539
105552
105567
105583
105588
105589
105596
105598
105614
105616
105643
105646
105657
105665
105681
105683
105687
105692
105722
105723
105726
105751
105752
105759
105760
105770
105771
105773
105780
105786
105787
105798
105804
105809
105825
105832
105839
105848
105853
105880
105886
105890
105915
105923
105933
105950
105952
105971
105983
105991
105998
106019
106022
106025
106033
106042
106049
106060
106066
106067
106097
106101
106105
106115
106127
106133
106142
106147
106155
106158
106162
106184
106186
106196
106205
106219
106220
106235
106236
106249
106255
106258
106262
106282
106302
106305
106315
106330
106333
106335
106353
106373
106380
106400
106402
106423
106436
106442
106448
106453
106475
106476
106525
106528
106563
106567
106584
106592
106601
106606
106655
106663
106672
106699
106706
106707
106711
106715
106718
106739
106741
106769
106775
106804
106850
106853
106856
106857
106858
106862
106870
106878
106881
106908
106914
106927
106945
106960
106967
106973
106974
106995
106996
106998
107016
107025
107047
107054
107061
107065
107071
107074
107075
107080
107083
107090
107101
107115
107116
107126
107129
107145
107163
107173
107183
107193
107212
107213
107218
107228
107230
107246
107247
107276
107286
107291
107296
107302
107304
107314
107316
107323
107339
107349
107363
107365
107372
107374
107376
107378
107391
107395
107400
107401
107403
107405
107440
107443
107454
107456
107461
107471
107472
107478
107489
107498
107506
107513
107519
107529
107531
107543
107570
107580
107586
107587
107590
107591
107611
107615
107618
107624
107626
107629
107631
107632
107640
107657
107682
107686
107687
107690
107697
107710
107718
107738
107741
107742
107759
107760
107762
107802
107808
107831
107848
107863
107881
107886
107907
107918
107933
107941
107949
107951
107953
107960
107963
107967
107971
108021
108022
108025
108032
108056
108060
108068
108069
108091
108116
108132
108149
108160
108179
108193
108195
108209
108211
108220
108224
108226
108238
108240
108249
108252
108257
108265
108283
108321
108338
108350
108352
108369
108411
108424
108428
108435
108441
108442
108448
108469
108491
108504
108507
108515
108539
108543
108544
108562
108576
108577
108587
108588
108592
108611
108615
108662
108670
108680
108689
108697
108698
108707
108712
108746
108757
108820
108822
108836
108840
108869
108873
108883
108891
108905
108907
108916
108922
108926
108989
109003
109022
109052
109068
109071
109083
109086
109088
109110
109115
109121
109127
109154
109166
109188
109193
109206
109215
109221
109229
109232
109240
109246
109250
109253
109262
109263
109289
109305
109310
109313
109333
109338
109349
109355
109359
109363
109405
109409
109421
109428
109430
109436
109439
109446
109464
109468
109477
109480
109505
109507
109531
109534
109543
109545
109548
109555
109562
109576
109595
109599
109600
109603
109604
109625
109626
109629
109654
109662
109665
109667
109679
109693
109694
109699
109701
109704
109719
109735
109759
109760
109774
109775
109777
109785
109789
109800
109817
109830
109842
109864
109870
109878
109891
109894
109895
109901
109910
109912
109923
109929
109938
109948
109949
109961
109980
109991
109993
109997
110015
110045
110059
110075
110083
110086
110102
110117
110119
110125
110130
110132
110158
110162
110165
110215
110217
110227
110231
110246
110247
110258
110269
110273
110302
110324
110325
110327
110337
110338
110340
110350
110353
110373
110379
110388
110398
110399
110403
110420
110436
110442
110443
110448
110452
110460
110464
110470
110493
110513
110543
110547
110550
110551
110554
110556
110563
110568
110571
110598
110613
110619
110624
110633
110640
110654
110662
110663
110665
110673
110688
110690
110705
110730
110735
110736
110742
110786
110792
110801
110811
110819
110820
110829
110830
110834
110844
110876
110881
110894
110903
110909
110919
110926
110952
110960
110965
110966
110969
110980
110982
111014
111023
111025
111026
111030
111032
111038
111043
111072
111079
111093
111127
111128
111132
111134
111154
111164
111174
111179
111182
111184
111187
111208
111211
111225
111228
111256
111271
111275
111278
111280
111282
111293
111314
111324
111326
111345
111348
111355
111368
111390
111396
111403
111417
111419
111443
111445
111458
111463
111501
111512
111537
111548
111555
111563
111565
111569
111575
111580
111594
111597
111620
111632
111635
111640
111643
111648
111659
111660
111661
111683
111688
111702
111706
111717
111721
111738
111758
111780
111787
111816
111822
111824
111833
111835
111836
111838
111865
111881
111891
111939
111947
111955
111976
111989
111997
112004
112012
112013
112016
112023
112024
112041
112044
112050
112057
112090
112091
112095
112097
112103
112121
112156
112165
112169
112179
112195
112200
112210
112234
112235
112248
112250
112262
112269
112278
112291
112299
112302
112320
112333
112337
112359
112369
112382
112383
112387
112423
112427
112429
112432
112434
112443
112446
112469
112483
112488
112490
112492
112506
112521
112537
112541
112551
112570
112571
112582
112601
112613
112641
112652
112663
112671
112677
112678
112688
112706
112716
112723
112732
112744
112766
112779
112780
112783
112795
112801
112841
112856
112859
112862
112865
112874
112891
112908
112909
112928
112934
112937
112945
112946
112951
112953
112969
112985
113009
113032
113033
113070
113071
113078
113085
113098
113106
113107
113132
113152
113162
113165
113166
113169
113178
113182
113189
113196
113203
113216
113219
113260
113266
113268
113273
113318
113345
113349
113358
113370
113375
113415
113425
113431
113436
113447
113452
113465
113481
113482
113485
113505
113509
113512
113526
113547
113548
113559
113569
113595
113599
113626
113634
113638
113642
113643
113645
113659
113664
113700
113702
113711
113714
113715
113719
113726
113731
113735
113738
113745
113747
113752
113754
113764
113766
113768
113787
113788
113825
113837
113912
113937
113941
113943
113944
113950
113966
113967
113976
113984
113997
113999
114013
114017
114042
114072
114075
114100
114101
114111
114177
114185
114190
114194
114195
114197
114202
114218
114229
114233
114241
114245
114267
114269
114282
114284
114291
114292
114320
114331
114343
114351
114375
114401
114426
114427
114429
114444
114449
114452
114459
114463
114467
114487
114498
114503
114506
114512
114520
114530
114579
114581
114586
114611
114616
114620
114636
114655
114658
114666
114673
114693
114695
114726
114727
114746
114761
114766
114783
114787
114803
114809
114822
114832
114851
114853
114856
114860
114879
114880
114884
114887
114889
114890
114892
114894
114929
114937
114947
114949
114951
114957
114964
114970
114973
114974
114975
114994
114995
115012
115035
115049
115062
115082
115084
115099
115108
115133
115134
115136
115137
115150
115152
115162
115170
115172
115192
115195
115198
115201
115202
115206
115213
115215
115226
115231
115235
115243
115250
115272
115298
115299
115301
115310
115314
115320
115326
115373
115378
115381
115399
115405
115413
115420
115440
115499
115503
115513
115514
115525
115554
115569
115583
115588
115598
115601
115604
115629
115632
115635
115645
115650
115663
115669
115686
115688
115695
115698
115701
115711
115721
115734
115735
115740
115742
115759
115764
115774
115787
115788
115799
115802
115809
115812
115820
115823
115837
115843
115852
115858
115872
115884
115886
115904
115919
115969
115972
115987
116012
116022
116023
116025
116037
116039
116045
116048
116049
116061
116088
116092
116093
116094
116118
116149
116155
116156
116160
116171
116173
116177
116193
116202
116218
116224
116232
116234
116257
116258
116265
116272
116284
116308
116315
116340
116342
116343
116355
116379
116384
116385
116387
116399
116409
116414
116422
116434
116439
116442
116448
116449
116451
116456
116468
116474
116476
116494
116500
116501
116502
116507
116522
116563
116570
116575
116591
116606
116607
116610
116612
116658
116659
116682
116694
116703
116716
116725
116731
116732
116735
116742
116745
116748
116751
116753
116761
116784
116790
116795
116796
116811
116814
116838
116842
116844
116848
116868
116881
116889
116891
116919
116931
116948
116964
116970
116971
116976
116987
117006
117012
117013
117021
117045
117049
117062
117063
117069
117070
117087
117116
117122
117140
117148
117170
117173
117181
117189
117193
117201
117213
117216
117222
117226
117239
117242
117253
117263
117267
117271
117293
117298
117307
117308
117323
117344
117362
117374
117387
117407
117408
117412
117416
117452
117455
117470
117495
117501
117520
117521
117532
117553
117554
117574
117575
117602
117609
117614
117632
117635
117642
117644
117674
117678
117679
117683
117701
117719
117721
117725
117741
117749
117756
117761
117810
117814
117824
117827
117842
117850
117860
117863
117865
117877
117887
117889
117891
117893
117898
117905
117924
117936
117941
117953
117956
117957
117973
117991
117993
117996
118006
118007
118010
118043
118056
118060
118079
118083
118095
118096
118101
118114
118115
118116
118122
118130
118138
118143
118144
118146
118150
118169
118170
118196
118197
118217
118226
118233
118236
118243
118249
118254
118257
118266
118273
118286
118290
118311
118314
118316
118318
118331
118336
118343
118348
118375
118384
118386
118394
118403
118404
118412
118424
118433
118444
118453
118471
118488
118492
118495
118497
118506
118512
118532
118546
118549
118560
118564
118574
118596
118603
118620
118621
118622
118625
118629
118643
118658
118659
118710
118714
118753
118757
118765
118766
118778
118787
118796
118833
118848
118850
118879
118910
118913
118918
118924
118926
118933
118981
118984
118987
118990
119006
119026
119032
119044
119045
119057
119058
119080
119148
119159
119162
119175
119183
119198
119201
119205
119223
119231
119238
119241
119256
119265
119268
119270
119278
119282
119285
119290
119307
119311
119320
119328
119335
119340
119345
119348
119352
119368
119374
119377
119392
119400
119411
119426
119431
119436
119448
119458
119464
119465
119467
119488
119497
119499
119507
119525
119531
119538
119560
119570
119579
119589
119617
119628
119645
119652
119658
119659
119665
119671
119673
119674
119677
119689
119695
119702
119703
119717
119733
119752
119761
119767
119771
119777
119788
119790
119804
119809
119817
119825
119832
119838
119839
119845
119856
119865
119874
119876
119890
119899
119907
119935
119938
119977
120000
120013
120029
120046
120047
120069
120083
120089
120093
120094
120097
120100
120101
120131
120140
120167
120172
120179
120229
120242
120248
120251
120260
120271
120278
120298
120315
120329
120356
120383
120394
120411
120413
120415
120444
120454
120464
120469
120474
120478
120512
120517
120529
120530
120538
120545
120566
120578
120579
120584
120585
120588
120589
120612
120624
120629
120638
120659
120661
120667
120670
120674
120681
120682
120690
120698
120713
120725
120728
120730
120738
120740
120750
120753
120759
120773
120776
120779
120793
120800
120804
120814
120819
120825
120832
120843
120852
120858
120861
120862
120863
120889
120902
120908
120912
120927
120938
120941
120953
120957
120978
120979
121008
121013
121017
121027
121078
121101
121106
121110
121112
121122
121125
121128
121129
121134
121135
121148
121154
121157
121219
121240
121244
121253
121256
121278
121279
121284
121295
121306
121311
121313
121317
121318
121321
121324
121377
121396
121409
121417
121429
121436
121445
121454
121457
121459
121462
121474
121476
121488
121525
121533
121539
121541
121549
121570
121585
121590
121617
121619
121628
121634
121640
121657
121659
121661
121663
121667
121671
121672
121677
121691
121696
121706
121713
121723
121755
121756
121764
121768
121779
121785
121790
121792
121806
121812
121823
121826
121827
121829
121856
121863
121866
121870
121879
121895
121901
121911
121923
121929
121940
121949
121950
121954
121957
121982
121991
122009
122029
122036
122049
122082
122105
122112
122122
122123
122128
122136
122191
122204
122213
122217
122221
122227
122228
122255
122264
122273
122274
122307
122313
122318
122323
122328
122391
122396
122417
122435
122436
122445
122446
122455
122465
122484
122506
122523
122534
122535
122550
122561
122570
122596
122598
122625
122628
122638
122647
122648
122656
122693
122695
122699
122709
122710
122712
122719
122722
122731
122733
122735
122740
122752
122761
122763
122766
122777
122778
122779
122781
122784
122785
122787
122790
122792
122808
122817
122822
122825
122830
122838
122842
122849
122860
122868
122876
122882
122907
122910
122945
122947
122949
122955
122960
122966
122971
122975
122977
123022
123024
123028
123031
123047
123054
123058
123068
123076
123094
123095
123104
123107
123115
123141
123155
123167
123176
123177
123184
123185
123197
123199
123209
123217
123219
123225
123261
123268
123281
123292
123296
123297
123298
123311
123323
123329
123340
123342
123346
123355
123374
123382
123383
123384
123401
123404
123406
123417
123424
123443
123447
123450
