0
0
0
0
4
7
9
10
12
13
14
16
16
17
17
18
19
19
20
21
21
22
23
24
27
28
28
29
31
34
37
37
37
39
45
47
48
48
51
53
54
56
57
59
60
61
61
62
62
64
64
65
66
67
71
71
73
74
75
77
78
80
91
93
96
97
98
98
100
103
105
108
108
110
110
113
115
117
118
127
127
132
138
138
142
147
149
151
151
152
152
161
163
169
172
173
175
186
188
189
191
193
193
199
206
211
211
212
218
221
224
227
228
237
237
239
239
240
240
241
247
251
253
258
259
260
261
263
271
273
275
279
292
293
295
303
304
304
308
310
313
316
318
324
328
332
333
334
334
338
345
347
348
352
353
354
355
359
360
364
367
368
371
376
382
385
391
392
395
427
437
443
445
445
447
451
454
460
465
467
468
470
470
476
476
477
482
483
488
496
510
512
520
527
529
530
538
541
543
563
567
588
589
604
606
626
628
641
646
647
656
657
669
674
690
696
704
720
720
744
752
762
763
769
820
823
827
838
847
850
866
910
915
919
941
972
973
989
1013
1042
1051
1061
1065
1071
1109
1134
1149
