21
26
33
48
68
84
86
133
134
139
140
141
154
182
183
185
187
190
191
192
209
241
242
261
268
273
281
284
292
294
314
328
338
339
347
363
366
372
384
388
391
399
402
415
417
422
429
434
440
445
458
516
517
529
542
578
612
613
621
623
637
662
667
676
700
713
742
743
776
780
791
794
797
799
801
803
813
845
879
883
898
914
928
931
950
961
967
982
992
1001
1006
1026
1035
1038
1050
1059
1065
1076
1077
1079
1082
1092
1098
1103
1117
1133
1135
1137
1141
1148
1158
1165
1170
1177
1186
1231
1247
1250
1251
1267
1270
1273
1317
1321
1322
1323
1335
1363
1368
1381
1384
1400
1401
1412
1416
1420
1424
1451
1455
1456
1477
1479
1507
1510
1522
1527
1537
1543
1549
1550
1577
1581
1588
1590
1593
1608
1619
1623
1647
1663
1664
1668
1688
1691
1703
1710
1718
1725
1728
1747
1750
1757
1770
1776
1781
1794
1795
1802
1809
1814
1835
1846
1858
1862
1864
1889
1910
1919
1920
1923
1927
1933
1935
1950
1955
1966
1978
1979
1983
2017
2022
2036
2045
2049
2053
2065
2070
2071
2075
2095
2109
2117
2134
2159
2173
2250
2255
2277
2281
2294
2295
2301
2335
2343
2352
2362
2364
2365
2380
2388
2406
2412
2415
2421
2432
2445
2475
2495
2503
2508
2519
2523
2538
2550
2551
2566
2571
2577
2579
2583
2591
2592
2593
2594
2595
2632
2634
2640
2654
2668
2682
2683
2685
2690
2695
2715
2723
2726
2744
2748
2770
2771
2847
2848
2858
2870
2874
2879
2889
2893
2897
2929
2930
2938
2943
2950
2951
2962
2967
2975
2978
2986
2993
3021
3022
3033
3078
3079
3083
3085
3095
3105
3117
3135
3137
3140
3157
3168
3170
3173
3176
3184
3187
3199
3202
3213
3222
3223
3229
3233
3235
3236
3238
3252
3268
3284
3289
3296
3312
3324
3327
3336
3350
3358
3368
3409
3413
3417
3419
3428
3431
3452
3455
3467
3468
3469
3473
3476
3499
3514
3539
3552
3554
3567
3571
3577
3581
3640
3671
3691
3708
3732
3751
3753
3754
3756
3762
3775
3778
3787
3791
3796
3822
3834
3843
3860
3865
3929
3936
3953
3956
3989
4023
4032
4034
4044
4065
4072
4073
4084
4104
4149
4151
4156
4159
4178
4181
4198
4210
4232
4234
4241
4243
4244
4266
4269
4276
4278
4294
4313
4324
4327
4339
4345
4350
4353
4364
4405
4409
4418
4443
4452
4486
4492
4515
4546
4549
4594
4623
4641
4653
4675
4681
4690
4695
4700
4703
4704
4707
4730
4742
4743
4768
4783
4785
4787
4791
4801
4805
4809
4813
4820
4821
4832
4834
4845
4855
4861
4874
4878
4888
4891
4896
4903
4917
4923
4937
4943
4946
4954
4955
4969
4978
4983
5001
5013
5015
5016
5018
5034
5053
5060
5070
5093
5104
5105
5122
5137
5147
5155
5165
5182
5184
5201
5212
5227
5230
5251
5264
5265
5293
5299
5305
5314
5337
5352
5353
5356
5360
5365
5378
5382
5383
5385
5387
5399
5409
5426
5478
5484
5487
5490
5491
5505
5512
5516
5519
5523
5525
5537
5539
5550
5557
5560
5563
5570
5580
5623
5628
5639
5643
5653
5667
5682
5683
5684
5688
5697
5702
5708
5720
5724
5725
5727
5745
5755
5764
5773
5775
5776
5780
5801
5807
5812
5820
5840
5842
5844
5847
5850
5856
5858
5859
5887
5889
5894
5900
5907
5913
5923
5926
5936
5950
5959
5968
5983
6016
6047
6052
6059
6065
6075
6078
6100
6103
6113
6123
6134
6142
6147
6161
6165
6175
6178
6183
6200
6205
6212
6219
6236
6239
6243
6246
6250
6251
6301
6304
6314
6323
6329
6345
6346
6359
6375
6385
6407
6410
6417
6430
6433
6439
6444
6445
6453
6458
6470
6476
6482
6498
6504
6518
6522
6527
6535
6550
6555
6556
6565
6573
6578
6597
6630
6654
6670
6682
6684
6710
6718
6726
6730
6743
6754
6755
6771
6826
6833
6864
6872
6875
6890
6892
6910
6917
6933
6940
6946
6950
6960
6972
6981
6992
7009
7012
7037
7039
7052
7055
7067
7082
7091
7092
7098
7101
7106
7111
7118
7123
7129
7130
7139
7150
7163
7181
7183
7196
7208
7209
7212
7219
7230
7242
7243
7244
7250
7256
7260
7274
7277
7281
7285
7287
7293
7301
7306
7337
7351
7359
7366
7373
7377
7380
7386
7400
7408
7412
7422
7424
7429
7430
7433
7470
7472
7476
7483
7493
7501
7510
7514
7535
7552
7554
7560
7566
7572
7581
7597
7598
7600
7603
7604
7615
7622
7628
7639
7662
7667
7671
7685
7686
7691
7708
7719
7722
7724
7731
7751
7767
7771
7783
7786
7810
7831
7863
7871
7887
7898
7905
7906
7915
7923
7931
7935
7942
7950
7955
7968
7969
7974
7987
7990
7999
8014
8022
8027
8039
8046
8061
8065
8103
8110
8115
8138
8153
8155
8162
8171
8173
8180
8182
8183
8194
8199
8212
8221
8238
8241
8253
8275
8276
8281
8298
8299
8312
8327
8330
8338
8348
8352
8363
8375
8387
8395
8433
8434
8446
8461
8480
8483
8485
8490
8505
8508
8525
8566
8576
8590
8604
8611
8616
8618
8628
8629
8630
8636
8641
8656
8661
8673
8678
8683
8707
8709
8711
8715
8730
8744
8768
8783
8794
8824
8838
8840
8841
8843
8857
8865
8872
8873
8875
8881
8887
8897
8916
8919
8925
8943
8954
8967
8989
8990
8992
8996
9008
9024
9039
9040
9050
9051
9053
9064
9089
9094
9102
9109
9124
9136
9149
9150
9153
9154
9157
9158
9180
9191
9194
9252
9261
9291
9296
9300
9304
9306
9316
9317
9319
9322
9328
9333
9348
9354
9360
9366
9368
9380
9394
9409
9426
9428
9445
9456
9463
9517
9519
9522
9545
9546
9547
9552
9555
9573
9580
9582
9646
9652
9654
9657
9690
9695
9704
9714
9719
9739
9741
9743
9748
9765
9771
9773
9774
9775
9779
9797
9802
9803
9833
9839
9858
9886
9889
9915
9917
9922
9930
9931
9935
9943
9946
9966
9988
9995
