673
652
803
381
586
771
862
304
961
535
951
485
833
757
164
292
643
285
48
576
649
616
937
592
271
829
183
14
49
520
413
56
602
879
105
924
210
694
569
719
9
852
931
166
991
242
721
71
498
557
494
294
92
874
386
176
295
425
328
35
945
93
659
153
428
110
567
896
358
612
767
384
599
990
734
826
421
692
973
333
882
290
15
976
702
948
551
322
901
2
741
189
240
347
589
929
120
157
883
925
542
50
548
971
552
635
190
352
913
162
841
251
579
717
284
965
620
137
419
272
751
662
60
792
81
618
341
900
274
82
799
855
697
703
433
510
766
979
523
68
324
348
603
908
225
143
460
366
466
418
753
754
394
40
25
938
132
656
10
887
899
435
486
476
821
113
861
391
102
503
129
416
824
953
398
999
452
169
208
474
794
275
657
227
354
796
339
765
866
583
123
950
682
80
334
750
930
915
582
209
453
876
812
179
700
417
711
963
960
320
470
530
621
773
19
414
867
911
508
749
263
434
584
806
956
361
869
396
139
740
141
342
536
479
150
759
385
28
212
449
319
371
550
1
615
917
497
633
360
661
