7812
6712
1964
6337
42
232
6324
7717
220
9593
6037
3075
7166
1803
7672
416
7914
5032
2372
2467
9230
8719
1816
6005
1937
1904
9349
1922
5951
7690
9196
7225
9972
6206
2812
5048
6547
7693
8152
2391
7369
3407
4583
4875
7801
1303
974
5828
8070
4325
9500
3644
3275
7794
9760
3182
7350
5905
9597
7537
6694
3198
2429
7837
3449
702
6457
6696
565
8947
8120
5042
7134
2276
1047
4496
7059
8742
1283
7435
6415
1023
1771
601
5814
467
2505
7546
9031
17
6634
6300
4334
2974
6851
5508
1825
3979
2221
3365
6195
1314
9778
4829
4482
9475
1806
223
1643
3827
8215
1172
175
8250
8151
8957
2465
3909
4512
6963
844
8031
9989
729
138
5769
73
5413
3102
1916
9341
8507
5022
6081
6959
4249
7145
6794
6976
6291
6581
8993
4619
809
6443
5533
5681
6253
626
8414
2605
2379
849
7616
2013
1669
9200
5095
1812
1036
1399
7462
5732
733
8734
3149
4615
4113
561
8089
2737
3360
5273
9260
16
6742
39
8023
428
761
1684
9174
7000
8068
3253
522
5327
8024
9370
668
6040
2348
922
6013
1290
4365
2942
6870
1951
847
9532
3106
8369
9904
4446
7218
921
7361
2933
152
2989
8815
9049
2469
9772
4945
5530
6276
6125
8804
6050
3474
9277
537
6132
4727
8240
8631
8625
8988
2233
8047
8909
1657
3391
151
4586
2463
1595
8320
9244
5420
1791
2153
4000
9108
3378
2784
1275
408
74
8165
6899
5085
1831
6834
1061
4176
6533
2742
2482
7034
5401
3180
8936
5333
7948
9615
2589
7646
1674
9662
9010
2059
2473
687
4686
9531
945
5217
5795
9379
2296
5826
2067
8946
4553
7985
4513
7902
3875
6827
6114
2236
8932
4562
2990
3934
406
5004
9235
863
6680
1027
465
3926
3292
6560
622
2734
2553
4520
4794
8549
5301
7980
6672
2063
500
3599
7048
5718
207
1427
9075
9919
451
6894
5141
7151
4683
4373
3156
2601
7806
210
475
8133
549
1963
924
4643
6228
2787
6836
764
1446
9933
8315
6561
9764
8763
6305
349
5569
7633
7707
7929
449
7195
4657
355
4750
5080
2905
6449
9101
60
8736
143
7033
9066
322
4618
4180
9666
3386
8728
7141
5874
8999
6058
4386
2102
9826
3810
7440
936
618
8550
4315
2565
3747
8499
4121
3823
1450
2253
1090
4120
8659
4189
7947
8724
5507
8477
8056
9894
611
3448
8890
3092
6483
7565
5109
4637
7184
2090
247
2438
6448
6071
6852
1328
2408
6724
8914
1163
9188
5336
6751
1351
5131
9287
2995
4332
8444
6685
8454
9203
8
8349
2239
8059
6863
9895
1080
1277
4566
739
4911
3997
4245
7081
4537
1714
5593
3353
1175
5116
8610
9184
9698
3981
4480
4592
7120
6545
5494
3940
4629
9665
6252
3045
1839
411
5965
8737
1943
4291
5335
2392
8685
38
7080
9347
6452
9099
6000
6362
5927
4106
8813
6645
1542
4064
7901
7703
9318
4578
757
7053
2545
4786
2167
9655
5459
8850
872
3040
4314
11
5987
7939
4634
812
6880
9156
6083
3504
9611
4650
9047
3664
4807
7309
1113
8760
305
3546
3666
9069
3230
556
8429
4477
2254
4435
5366
4102
7310
5442
9286
8121
1441
4696
958
9096
5637
2853
9735
5106
8049
1017
2677
9212
9267
7077
7651
3454
5303
3515
3144
9534
9036
3191
9830
9692
4825
7776
7132
2174
3158
2459
1981
8973
1350
8714
7089
6162
6477
8226
5233
9179
4150
825
9569
1376
6299
512
3477
8192
7193
602
3420
4290
6760
4905
6847
1286
8888
6416
5620
1745
2050
4248
8347
3815
1248
3836
1225
8411
7324
6584
6150
3623
2714
3260
3354
4624
1628
23
8663
9713
3374
4321
7908
1785
5600
8124
2608
5175
3051
981
7822
6454
745
4081
2614
4375
7223
6427
3337
3463
1867
7593
390
6503
4040
842
8125
8501
8368
6426
1262
4996
7210
7860
7384
1940
7979
2960
8676
9579
3653
6108
8866
8452
1389
8040
1984
5471
9985
835
2649
2139
4389
3844
7268
8378
7500
4141
7390
2624
3091
6307
4557
9848
6330
3696
3761
2166
7186
1811
1925
8906
4326
2123
3
9940
538
6520
2472
9211
4509
1993
9533
1620
6094
2267
75
8607
8929
2144
5211
4756
1408
3011
8941
8004
9516
6803
1316
7787
4018
6566
5714
4958
8547
6017
1030
4030
3768
3209
1110
3524
8891
8605
9548
1064
9816
2100
6514
8225
8535
4407
6577
3932
3729
3861
5586
5882
2887
7370
7299
3537
7726
6546
7041
1560
6025
7675
7431
1107
3166
8776
1091
8418
3241
6061
9378
620
4219
9672
8545
8341
896
491
5216
1565
1734
7406
2835
808
8606
1769
6802
8924
1162
5343
3506
9527
3627
7446
6789
2839
7117
9942
5268
5910
2092
5346
6761
1893
7062
5402
4138
4082
4284
9178
3798
3333
6622
948
2762
6977
9187
4802
4111
53
9269
4642
4033
2273
7700
7832
8720
6377
1101
1197
370
8431
7745
5770
8807
6777
205
4685
7133
1987
5565
5410
3951
2562
5986
6499
7802
9647
4728
240
9614
2350
1367
4552
9874
7781
8827
5502
4463
6185
9575
6413
3491
163
3062
2476
6023
7376
8922
3687
4918
1530
9135
545
1214
3422
1459
1782
13
9485
1491
4992
5220
1235
3328
1056
6964
250
8258
6234
3725
7571
7304
9587
7138
4767
9911
7102
7199
4507
3077
7165
8033
2481
2185
4836
8635
7518
6486
9238
4611
8488
8364
5822
6363
1308
5398
8188
4392
4259
3511
5721
8104
8782
8445
5612
6869
864
9876
7550
6160
456
8475
9208
1106
4038
7989
5654
1039
2143
8055
8191
3123
2702
2002
1051
2781
1704
5133
1028
2757
6788
249
7891
195
3281
381
3622
7588
3805
984
9467
9006
9350
823
1861
4488
7582
9422
9106
2719
58
5453
1102
5938
1440
9831
8203
212
2953
3978
2729
4257
9058
3167
8112
2096
3445
3792
2169
7200
6326
8280
4933
2761
3221
8777
6151
1761
237
