89910
84492
118048
95670
16390
30378
13748
9888
42710
23291
14924
77132
54296
83199
10742
49480
113945
52439
31234
51350
77736
117637
78561
65804
120536
79876
107242
45322
121143
40837
61417
30067
76738
56883
85172
57346
14083
6152
34086
79444
20223
110976
78708
84438
110447
25645
77052
24349
46805
38473
80567
29529
42613
94533
92645
118014
18033
91932
24960
78261
114280
4747
110698
95662
78888
73449
42818
107081
50185
37490
68100
29259
105286
105136
101383
76832
105007
110974
77532
82962
39469
14044
114956
10943
14366
91540
61495
115878
69126
92605
51194
35450
94239
10216
30189
33193
86183
63091
9540
71444
31448
116419
88462
36781
51056
78258
30853
19459
26544
105964
39828
19236
47186
100086
8035
94078
77742
55643
67167
4217
19256
16435
45773
22825
87100
2138
2417
108580
112674
49500
26294
106742
56903
52712
102981
118726
35104
80714
6886
53148
100686
61385
102935
34564
119958
69499
53161
85602
87094
17064
36534
114253
95504
44844
6792
102339
65342
43164
72785
69461
89316
32336
120175
65305
86616
23515
105578
101609
112504
109134
42659
110849
13368
96841
10591
68019
51010
99732
73666
62307
116622
24874
102416
99319
88412
34431
91247
108627
92184
102627
29725
33494
36563
89097
50316
111949
68956
34994
69675
10964
70190
69716
36594
105252
87583
27045
46021
42295
57749
114773
117793
19042
22969
69451
67460
11038
16574
67678
106275
77825
10450
16258
120518
93480
80312
46663
111195
75534
96917
84632
26017
81897
62012
37508
57974
32836
24611
10119
46147
106271
111135
13113
53753
8869
178
58221
80606
71940
88971
98490
35184
65260
17278
78596
43660
83052
56892
90781
91923
16820
50997
26322
11956
33413
108950
77426
20983
25876
41569
8267
62668
101967
117612
59863
49886
60705
117927
71455
119720
69710
87631
31834
38651
55357
9130
19768
114205
118139
74528
25250
13394
14643
60488
20803
64935
44145
26464
61868
66419
48287
12908
45980
6595
76515
77970
30690
85230
104604
38459
77
112347
11340
107768
41579
122895
11267
61662
23888
1822
46936
38957
53049
69489
56636
108589
78029
63049
87612
121550
5232
39349
75577
100878
51145
44281
51098
53685
49568
93096
8949
121794
73330
34919
75226
38771
51909
75665
80237
70113
4959
114300
57936
22047
99496
99644
80944
29363
97175
116668
34229
118209
100884
50474
122354
36627
117633
56274
54005
38578
33607
10481
19836
87615
643
56503
15731
4110
32200
21781
96281
30863
65440
110276
13271
41607
72885
44767
73149
80459
16329
24141
66900
20837
12536
9074
111077
113052
89045
39617
68703
6323
96211
120849
84665
86317
103107
54083
40957
80967
81605
525
22416
66815
78807
57352
45684
39538
58804
27941
109317
122612
42670
87818
93770
101862
88176
108049
28761
100532
63636
45297
91253
122624
1978
5444
105962
16290
28046
81594
12042
68230
80298
40245
62032
45265
79606
61370
101745
93595
93339
96302
15698
19952
110023
34065
55023
104019
83320
8220
64090
41731
51537
85562
23619
13757
72945
34141
31658
27183
80605
92322
61772
18905
79373
78673
42849
24941
46722
122700
52013
14089
44952
24793
95622
94121
31728
11143
70681
70994
44214
64073
98275
38351
44996
6230
98086
40050
118019
45650
74173
98317
80852
98631
85186
21416
15015
19474
59170
27001
64461
20049
18613
66163
70829
48315
41118
115573
106125
78582
49181
40063
65418
17810
62137
35723
81172
61826
65651
76980
46209
120915
64540
35103
15258
75446
39543
72597
86567
109184
85513
7201
115911
90258
44645
52915
91573
28239
76234
49037
78089
82659
54157
25797
27143
5554
15688
23907
21694
94610
100327
56787
48890
120821
32933
19975
43499
94322
50020
11260
34581
20079
33844
104643
63544
119180
29699
12949
42868
66431
113765
81805
58973
46733
89537
56672
106802
22247
64513
82713
123016
51886
105006
107148
104343
73921
62914
43889
13405
33735
19254
39864
66518
48449
14859
87014
18921
29328
101278
3127
85925
286
67103
94488
50891
96003
116475
21533
30458
86916
1380
101363
29058
67147
43864
65841
34311
85051
54368
35694
86496
73478
34289
70569
50851
49315
48474
48676
87975
20940
17734
80230
60813
54649
1908
117805
98855
24303
115538
4428
71093
14376
53552
118684
54025
83436
47662
101670
43418
78408
87483
1166
78163
52511
117099
79267
21817
70183
29424
25766
9958
92750
43469
58685
122560
59023
70462
80042
97250
22575
5483
112317
27269
113920
43135
23960
103599
7531
96049
75472
52483
115364
111073
66002
88113
18440
67760
51198
54479
18898
76497
88172
96700
120525
70862
67982
39106
120457
36666
114392
83597
2961
727
103653
58911
108653
73038
92854
94723
460
115471
32353
119884
4298
116309
76228
88896
21280
28905
7629
102840
59891
65078
77074
114590
63599
6177
31456
87689
42736
29460
52144
49066
25035
70551
44977
36883
59364
24903
114050
99037
91872
45952
49390
77830
18226
118340
56620
10041
34541
27584
10132
83158
1871
29941
56569
30388
53747
54003
117914
99050
48637
84476
54813
92940
120239
76767
86388
13830
73469
40676
37689
26972
22678
22879
91974
104785
49819
59323
42533
105720
108832
87896
21665
114676
5280
74131
28596
35859
119402
96364
112011
9925
84545
19433
47405
42789
9335
105289
93575
94393
48256
16287
3751
69077
122942
484
92017
29372
37393
69934
41157
16218
70727
21693
32011
92842
57519
47313
5116
121355
65462
44787
117563
47108
101235
102122
3578
26222
58854
26218
91478
84739
80608
62293
56756
97369
77775
95718
72620
84975
24044
48082
59876
37991
39062
49720
12576
62268
90741
25841
36651
40452
70245
58810
119701
121512
33473
120694
114304
54117
25215
60169
53542
80518
27805
70896
60957
19162
123025
5391
111540
14345
62932
122674
35256
90394
102018
32073
118720
119518
38027
67600
107092
1164
74571
98727
20026
59543
82920
117676
85307
112017
87747
94286
119185
66389
58238
4436
101291
92340
12322
72991
105009
123074
2849
106844
111487
100499
59446
87323
18651
53028
7512
103914
94870
8261
78511
79461
87189
54821
91314
32170
55635
63191
46101
6941
67135
53708
43670
90722
34502
87644
96245
13065
35619
94954
100016
110904
92925
70118
12630
101463
15960
1205
43467
75956
3942
88606
39515
19480
98335
111952
15594
68631
74716
16849
81912
77150
4264
48927
75493
54135
46080
51933
34027
36720
56958
121797
57588
64486
54874
22510
92801
24024
49493
31155
6367
46882
18872
90543
57569
45275
116091
1622
82956
2038
59541
9990
77239
4386
88236
4042
84225
57142
43949
18085
53771
19798
95369
57777
6726
110498
46367
33374
69150
21909
100497
58117
38394
105111
2516
27818
61543
47147
40642
117396
44967
35126
75694
49942
52753
92058
20978
88489
116425
112412
10364
1823
107496
112437
29101
9050
52877
41312
120058
38422
36625
49250
83529
17220
51436
55698
67808
70568
112649
5312
88108
17394
84122
110477
21761
97119
71506
69205
47638
75869
63628
33786
73141
85392
50282
104715
102967
21584
91924
74062
84927
28
22137
63170
4359
28968
14607
46572
49739
46570
71792
10252
43090
21135
57211
59180
115657
105415
45457
63247
66981
82838
107446
44680
92496
71637
79362
95458
31797
20188
53822
44401
111112
20555
69952
35796
37473
92033
94792
110998
52940
35889
74250
55871
23614
86043
192
63520
59550
89564
60932
41370
71585
60040
89140
52295
40625
57156
114952
11658
69128
39938
43317
90050
103687
98508
61935
20137
80778
18471
21079
88969
52995
8620
71121
35819
120956
79974
80795
53651
119005
108200
122057
87867
113772
37285
95298
78314
39805
120310
59441
84595
50275
42457
100359
67956
31089
5140
44251
12742
16693
51121
85289
84883
16257
77299
50950
26966
103595
85696
86945
89707
36027
19772
3523
123357
28543
94156
61108
81477
50050
110197
122108
18813
105651
32955
25425
59308
2216
42783
86789
47125
33888
53576
36502
20669
27168
32527
37348
35962
35987
5668
16715
99794
24930
67718
6721
27354
43
74860
26325
17531
66523
90488
34708
54346
22871
61334
65789
52941
121428
37475
65696
16742
85724
76905
97966
17269
105247
53230
61467
102875
97305
81064
91545
120839
76317
114323
30477
72908
89455
73398
111296
86235
39589
80553
110432
15220
73439
103026
54527
88161
83376
101711
113477
88355
83766
52621
27115
93220
36577
41298
12332
19849
117280
44484
18355
85415
103858
123053
90601
66022
29073
186
99763
39
7833
13717
116738
100464
90641
105215
17966
66821
95864
44295
96038
15331
16425
2014
73876
120033
60741
122964
50915
91426
122153
59681
42966
71032
103401
109170
28719
29869
103999
30789
38597
84321
59201
87904
1160
28077
89722
75250
85543
74550
56561
35807
65424
98245
91766
120144
92298
24096
47975
74991
108123
83169
123211
105287
109451
96427
57642
81697
45428
121225
38986
19358
77121
96223
21378
122171
64130
105251
62504
86012
86505
40500
4197
89692
11397
111999
52701
81007
85407
14270
119439
9712
45524
26965
62837
23460
61649
84466
122263
37585
85465
116803
27452
21178
96408
103362
106854
105750
4278
86342
11312
5404
54739
95368
36088
1183
12510
69972
15477
122566
111482
121222
113416
2397
35858
82141
107437
27335
116801
90337
81787
28449
3275
34793
84771
57445
82079
43589
101557
18510
66524
116207
24794
59698
5367
39094
41473
88173
104521
85961
29894
64613
72342
72387
69232
20091
21313
60683
70852
19883
43971
56718
26305
29935
97289
64171
433
119469
92536
110184
74583
111253
40438
50800
24011
31173
11639
3264
95707
6187
14472
55754
65617
84495
75167
6179
81726
46213
95750
113489
106252
41674
90396
81089
39770
93249
11448
78733
58226
112761
87588
109189
111520
109791
61312
110214
53313
43735
22221
34258
60946
51466
1271
4583
117324
79921
106430
91334
46390
30519
82222
90501
91115
39388
118369
46139
38026
26939
70137
103231
34527
34257
95832
30925
100108
70651
13006
49410
80855
34658
86647
31873
69250
62037
121273
103263
67157
115233
39572
112941
33456
25453
115358
48681
59031
74688
12214
64830
109312
115189
33507
80839
55022
42635
98982
29332
120235
23452
95010
108178
46203
45143
119776
6248
94755
29594
120651
22318
46037
227
34423
118426
9131
73177
60938
103880
106693
93299
95295
14375
2871
90588
89264
59552
83942
45160
98837
91032
113320
106029
95312
100980
75644
121632
77414
106801
12217
11716
82448
63965
33705
95
64045
48163
93478
110293
51564
81582
83982
57007
32012
11732
66270
99748
44870
77824
9345
8459
21722
32989
109249
4737
55305
28607
11832
62722
43174
28326
82282
33392
103755
97397
94058
16320
118948
62047
13129
55105
27567
82943
96919
64735
109192
1906
83494
59242
7995
119713
88623
65102
23892
28262
90447
23967
42298
36435
12525
72201
24520
99216
2544
68822
91586
43059
121172
31799
48821
49753
63035
20129
15898
110312
103782
77984
56913
11863
39163
89516
96652
85388
50878
23011
67372
80502
33125
104048
72094
86292
13779
35296
114918
11062
45445
40419
55090
58186
116904
83991
19567
96102
39562
74572
20841
46852
30817
69488
19143
114207
97959
28453
49877
120717
56390
107924
12211
40220
98134
119354
49635
88455
104183
82413
68812
99233
3724
70028
41427
44748
57539
10525
38226
117234
72209
106918
10360
82186
43969
986
44243
94625
95155
64164
15732
75381
8961
52205
5530
37382
89468
6102
110279
66370
111982
113065
23106
42120
80169
99804
73781
24652
59301
106915
60460
72690
92836
50577
14100
28546
86808
58875
35749
113895
105409
56141
74635
106100
96787
14946
78119
121807
71661
44277
84195
46496
46763
25527
6580
105704
20292
118982
1602
23592
70652
80774
16174
89478
57716
9465
2525
67734
85330
39491
119535
44770
112307
117145
67916
108170
52291
19026
67672
72470
6234
98186
110482
77321
110525
85835
2324
33503
26190
105273
94926
2429
10799
31925
19816
50899
69987
67879
72811
30374
8936
83004
115164
16100
61409
85909
49059
72755
77471
110087
46163
65209
100328
67018
75969
95085
105576
35899
59212
96562
63022
67833
36452
59453
4332
16007
58395
69734
115282
90689
81050
114950
665
35860
1744
49627
105818
17308
63639
54590
54826
26047
52279
114310
12735
91507
16791
69779
108320
111116
55064
23055
67866
5545
31524
4295
27242
10995
121026
101939
38646
28965
35285
53649
108730
13824
7420
118599
41619
11020
108668
121990
40529
102469
122743
79386
97543
13279
102733
8786
104016
97611
114005
95899
2237
67387
51043
112807
103403
44495
107940
74581
54160
35350
47953
57568
51818
89435
71277
75813
60905
99653
18942
71322
7530
55271
121908
94467
118773
9041
50782
542
3131
106787
14438
22402
26656
73291
2083
68389
24440
46349
112629
94166
92715
60792
78118
91007
9777
64397
106978
41948
33787
79148
15169
123004
73213
108102
56287
104181
4397
50098
63928
106409
37697
75772
33630
103944
20955
23978
89713
82519
97153
28990
116329
123381
30163
80722
98118
35476
70724
15088
109767
2654
41323
115694
35914
114151
84245
45241
52292
75101
5869
11389
12572
86399
95569
55963
32922
39299
114385
120860
112644
62580
65288
9857
10109
96394
110427
17405
5788
31842
6913
10879
15011
94122
36078
108522
61057
96042
121272
110304
72930
29070
50442
68849
44193
13250
122765
101341
58759
19572
7862
24677
72950
95183
117760
120781
28879
120754
80486
122954
49338
61483
97756
71203
70251
84137
29285
29114
16153
21261
86853
90603
94086
12624
58689
86436
44344
100343
65237
80396
95821
96130
80238
58958
73206
91437
71688
73308
106727
55094
93687
49171
100735
37605
83703
98662
109506
84798
4962
106616
73960
18856
34203
13297
27556
58261
93878
77395
122592
17270
49395
56371
28068
43154
23414
110110
65382
88600
55691
15090
108676
34797
97271
91201
10232
116176
76556
107920
98453
49995
15484
85547
93104
8734
5799
17124
41152
77392
43729
68226
76261
95945
30545
94202
61224
95965
12586
6549
30903
110280
63976
98278
38112
92459
111623
99925
36497
98480
99296
100893
19506
21507
50909
117613
96474
67369
19651
41879
91736
40547
93550
122416
63325
100231
34738
106630
69548
108184
97270
14690
25702
80853
32056
113958
61263
560
34542
24702
14128
53885
16195
47172
51034
1056
112043
42208
54606
68670
104476
61893
7044
65785
42089
100953
92375
10167
52349
27956
80649
76350
105706
3937
57046
106554
34999
462
103734
66758
70687
13810
64234
41871
95004
86620
21262
9418
43519
47589
73339
24797
44580
3109
77390
66386
113887
60457
90826
48196
100310
33914
86374
31558
96785
72090
43867
54313
106572
109443
1454
46208
18849
64716
23524
9912
91447
35016
42855
4704
83628
75150
39025
47893
96433
43452
75715
89787
119218
119308
108976
71423
22584
102494
88109
120405
22231
36346
119404
67751
52387
115824
23815
63813
54963
43899
71509
27312
74424
49465
5536
73605
75681
18838
57348
117243
81646
71239
115659
23575
86325
22089
105556
12607
1168
112889
110772
80266
43727
5732
65047
9757
118479
94309
80953
122194
41666
94189
16527
83936
119904
98274
55532
63802
90690
28594
55650
88103
118041
50722
22655
47343
61610
41615
70231
100419
73174
72234
103117
4343
17802
56384
63749
3426
64910
94186
49834
62639
71311
24981
79653
32593
116107
93509
58579
82937
60429
96876
49430
37994
27157
102542
25106
3414
15589
104885
105123
113896
83812
40449
112711
121487
28074
88949
55289
3668
71800
53694
44085
84362
102279
98737
108117
7630
91232
24880
101657
15824
63203
106504
117217
42878
117064
46764
64650
83627
79946
55569
74245
10567
49179
113376
5865
31064
57447
44843
64707
46450
23772
15502
59219
46786
13918
82985
87238
22714
120712
6125
99669
82032
48664
98005
92075
33911
101680
84861
114382
80444
16670
33878
48592
87728
57107
74808
78130
47354
116648
28322
6231
87724
13996
103624
47441
116496
55695
11927
27209
121927
119023
27505
8710
14112
108567
53713
41560
93739
50394
22233
83368
22691
64813
813
39565
88266
120739
102915
65493
108959
85499
53267
57916
44763
58048
99239
9109
122588
27843
17726
23739
84084
90794
45058
75905
68394
85560
1584
100732
115051
108534
9583
81597
88170
95719
117401
78684
35478
104947
35237
64077
59112
92883
23641
53703
42873
96977
114771
95752
22466
30060
39056
30752
45835
83638
25454
117220
6452
112863
40812
1398
19987
161
59781
74433
61373
93934
56641
105538
79359
83657
30039
44998
2742
76208
50464
35411
49782
80501
55950
117186
91402
84517
43787
39678
5553
16881
23689
52434
112765
121010
118943
54454
57309
98603
117584
31296
61582
19889
55831
37452
62715
25911
72685
16950
102983
19595
40021
55636
60048
13980
84719
77162
101462
5171
20811
109260
36321
72504
121625
103556
68945
61403
33508
38658
33095
113591
48323
23992
32376
110611
34559
68426
41146
13022
113653
98779
117673
5314
84529
17760
69896
62274
117916
99775
48454
38182
83237
40550
8807
29305
31984
4441
103473
82583
27785
45577
26943
123294
85311
97387
82703
68034
6069
21782
15443
86631
95407
46386
46294
10945
31494
2825
83477
18675
91030
116956
34140
83431
10374
45598
84700
23412
1043
59439
61261
63791
93546
3220
17425
99864
34338
44103
39314
43720
85038
29495
36410
50181
4046
34677
66054
19066
12834
59465
50146
87958
19451
120500
29413
32418
74094
21674
29027
94523
111570
21754
89334
93007
23505
15166
18649
81786
41781
720
83668
58679
70517
90276
116011
106595
16774
43953
88734
112301
75958
122478
41727
46689
95940
77966
41794
16140
77862
97707
19385
33156
22077
115945
100756
44568
39028
116663
60329
79459
105492
80951
41941
108198
54629
99070
36199
68694
50887
93034
66614
41102
32023
121064
46835
39677
30238
115207
32912
66834
51803
9584
120236
83473
32279
93062
89406
16019
115683
2395
100858
73750
65562
16623
57458
2860
86864
120790
95637
46336
10010
103939
12851
46474
17535
49822
75434
112456
43439
49501
103608
104481
91914
90044
34667
119567
44493
81850
100971
100173
395
8864
44230
22
63087
117195
9513
56393
25726
107029
19780
72791
121778
123148
106140
102133
54113
67685
15361
16550
71454
115402
99307
10861
5549
22093
39583
4342
117976
34430
82909
77337
16456
56479
112204
50140
11061
18661
60582
65924
115103
47910
93798
38003
43041
84687
52560
54084
72586
51857
57629
43415
37234
59664
56517
9940
32319
104504
117311
110413
57577
91795
98392
55708
37640
104202
5772
36121
64925
77754
115271
105243
120134
57883
26468
87198
60989
58960
117023
66660
35496
7925
93406
76000
67177
11908
97236
105974
89976
90970
22893
69826
53167
120322
74260
110565
55279
34028
3342
54089
75608
49849
121700
6380
19881
73753
42903
43404
8979
56510
119967
38641
91985
70817
87994
48233
33865
81475
22239
10843
71398
15421
41797
60978
98647
92185
32655
8515
108202
100190
41715
13088
4141
39050
104305
75651
96733
31212
83677
109224
121968
53908
18925
89191
56372
51462
78660
109167
66494
67346
60671
93708
86815
103659
72407
107992
75303
121674
3744
62963
89335
113038
34145
99670
41679
15246
18946
119543
44292
80935
33128
17383
62764
71148
87959
122691
53184
45261
71756
26140
96582
97828
94181
54085
11488
53940
20086
113480
67514
107714
109404
96016
17625
77034
32809
85466
15207
23759
1693
62688
60400
38538
104184
117460
123379
6430
28918
93547
27445
32718
20351
88670
89433
13637
39644
60148
30795
111366
10618
121346
31687
44312
99806
110271
122042
71321
12564
20375
62546
14388
77649
2438
78348
36592
111361
61848
92819
7588
90890
9854
39416
108995
4830
95531
58528
113
117899
21649
67666
70112
82442
100381
44971
56830
48299
61910
13189
105267
45036
82019
118263
49289
9610
48705
33789
30526
50495
2941
121418
87112
66452
4558
86627
83886
58053
26772
111854
32704
33760
88272
44130
62363
113834
66833
96936
76840
111630
119595
121255
113572
90738
15656
116977
8726
62575
29750
37319
31726
50131
59352
36768
58069
49175
70165
36413
58133
56188
21436
43816
79279
4883
95819
23749
91082
115273
17960
21060
77921
74439
10343
16190
61583
111303
20704
20072
109207
115284
2164
67693
95577
21332
78080
89401
112049
77492
103979
15679
27490
80933
108634
116251
105968
40546
93601
9162
53997
113128
13553
93714
85346
62345
14118
47935
74168
63502
68221
56230
9448
45747
64291
34254
6834
22798
79856
67069
78422
105737
64269
85432
29161
70945
84121
55264
8363
31438
88450
76583
86232
119437
50311
73510
9491
67335
11731
111800
47874
58144
73473
21723
79442
33647
44917
87650
29371
84623
3487
89052
26577
25814
78777
43472
91399
116185
114377
97413
17963
70800
98295
34978
79536
50535
48728
31555
54110
57603
92560
54912
22552
61969
59667
88581
108433
103906
109551
81354
96584
58827
40098
64676
57537
102896
84588
6646
103010
97615
48400
10094
47318
72784
26642
52079
120079
30049
98277
96180
21820
80987
91749
85044
92123
4758
75955
25977
119230
6866
17450
65289
114278
73697
72958
122382
10283
21514
866
41901
93283
114175
85228
70612
96900
97862
75442
105670
57806
116089
14651
72965
23136
59280
55050
108612
8598
120085
70826
45158
121034
3405
94733
80046
76490
16448
37513
47605
97312
3065
118105
40714
3524
23691
88469
35155
3546
62199
5035
19382
35709
110081
70157
13007
103936
27453
46825
5072
34757
59319
73243
105580
38897
14144
58748
13262
34655
63297
59855
71932
58791
113484
121581
968
96458
82745
76706
92208
6017
20367
63652
3624
107238
49661
65009
54458
68807
557
122175
20721
31213
25152
33348
47285
112274
104327
104377
75516
112259
77822
57289
29005
110060
6357
41809
7387
42369
36307
28654
122389
46885
17972
15921
111923
9384
102008
48311
42260
96699
86368
18831
93842
81208
95897
105364
121683
15415
64178
29945
52057
46250
78371
8686
8062
101343
52614
105198
37152
74275
75527
123207
7988
68927
103753
54453
110653
37483
98644
20002
56214
92971
98741
110504
7490
103530
81108
40851
17659
39581
13822
85363
103638
63782
68579
73597
60884
67412
12694
61360
30170
17969
110835
89251
89025
6493
15140
111990
108636
11325
48018
110209
102870
98821
115229
120929
99067
92025
91255
101580
88732
4265
101913
48575
104749
10802
261
104602
52969
122411
98623
108889
75070
34006
118801
122750
2649
94895
77084
25600
35442
117868
53839
11274
76398
120594
62045
66267
90505
47033
65282
105064
106098
120563
123162
85223
118282
77124
85806
49549
53055
5986
10530
108808
78272
79164
116554
92806
5231
9175
44383
103291
22769
38311
61544
59311
78909
22356
48147
24770
33345
105699
89549
22216
6985
90397
12554
99148
112282
9336
87285
6925
99136
122489
14413
80943
62263
36024
69332
43008
47989
20392
26030
8830
116645
104366
108483
114332
33764
117736
52264
60294
113185
67
61275
98466
47392
118956
114089
89614
6233
10051
3165
121316
57884
30705
45137
70715
24094
95979
4445
50633
40721
35129
2207
40163
38972
73810
18183
83885
33681
54652
18676
17683
29374
11685
62461
38455
2983
32716
83516
27479
51793
79501
3016
2901
21156
12854
3997
22196
101319
34974
55463
114677
107226
54899
98061
54985
65487
87412
92280
101076
93544
14894
8757
113703
28137
119802
111223
107244
46928
107153
75454
8382
75261
44603
54601
92741
110753
82031
11778
7486
43140
53374
109489
17771
41702
56344
88340
23206
20936
58796
315
70339
21695
120877
88073
71666
66223
59480
25919
82917
52272
97903
34199
21177
76717
111103
49132
20014
118289
4610
9261
22956
101433
122704
59980
103731
116083
98721
22260
59537
34097
37127
57746
62985
33723
89352
56161
53912
606
95706
97807
104634
57246
29978
3885
1286
8336
111186
25431
114393
53072
102380
37623
70096
92384
73886
63511
81519
22134
95608
55049
105463
14198
69414
14841
6313
104987
17127
23468
37248
87840
122015
116514
93463
90087
43300
40925
57743
14090
72600
12376
21796
94519
45208
14679
12260
1541
112643
117103
53932
66690
116760
29873
84586
107155
3157
90489
122467
44115
63029
107051
13497
12112
76968
32623
62196
60288
52809
40149
112070
63033
103319
37413
154
110961
105357
11694
44119
783
58356
15366
44155
40870
51226
26969
121987
89072
19104
80845
28865
70212
108101
8277
56587
92668
8458
94986
58111
16131
69483
38254
102147
72105
28114
113001
52344
62861
122346
48677
87589
43139
102524
98228
123018
36207
8402
122866
96037
55366
7867
79813
68614
44226
50498
59022
114777
65654
105951
105859
41783
17117
38041
116212
33024
53676
12791
15377
50520
2909
25936
50265
121280
13485
75252
97598
72320
69523
74211
18337
111889
97732
5456
3527
109729
94971
52632
18550
80051
2677
6142
15350
7357
33425
103729
54249
100925
21910
98585
16500
103013
85964
9171
49976
108063
90410
27942
91009
2974
113364
103681
42600
3398
93559
52273
99089
37535
20024
27333
117549
55931
45819
92226
77891
85765
46616
27116
15727
18619
96587
7567
17165
32596
116418
68823
74320
35814
115795
105756
13403
98645
60682
61878
68866
21852
96274
94378
56707
17000
54843
27179
80568
65523
46612
5736
101512
7752
20607
60156
114678
40773
2602
50235
62658
58874
9631
53304
117241
80552
14304
53125
100185
102154
254
120330
44831
89662
107382
4677
11431
61926
32882
9407
28592
62136
17188
88946
45260
23437
54239
60910
83347
121218
109975
73429
39345
59692
90125
23981
76212
104507
90973
36416
97083
52711
39335
67390
58106
15156
51031
24977
60447
85476
40952
92328
115028
88728
102292
120878
33231
123398
116372
2642
67831
52377
85936
31372
88149
83387
97491
74299
104348
45077
39078
53690
28847
70047
21600
20994
122176
88397
79680
83539
64887
15300
94
3540
83490
92468
96487
104185
100806
74921
61742
52767
64763
103034
104262
39259
39391
79321
104079
23693
31610
67344
52187
39058
53706
85079
56407
16543
89048
70766
2826
35741
33894
29657
121069
99179
66177
74926
104824
63677
112431
10176
66978
12231
100256
64999
66345
121001
72816
17833
20170
55074
1095
107393
17722
72118
37754
93111
27098
61087
48842
103525
105080
94251
78242
45132
31998
64222
73588
45945
49878
70152
115941
26142
87989
50879
34249
120422
106669
41717
60184
33237
64936
100752
3667
2316
9277
103129
54992
31828
46886
61484
81236
79584
78106
48121
61172
68953
109383
23909
102436
79622
50759
36731
95106
60476
64746
97861
27457
10721
109227
10686
22974
107017
110335
9800
92818
119758
50690
86756
2818
57729
33534
23390
17708
25082
92599
93897
21138
25888
60817
71911
14765
44045
121925
45955
38334
15275
94864
100530
91108
3421
30993
59254
36357
118430
116695
62175
51321
105441
84077
43111
123226
39869
98876
54247
32666
45172
22643
111782
58629
15955
51146
32149
104020
40308
6362
35539
37486
35822
23928
96438
1793
29405
60438
85450
37756
40414
45309
624
80820
77795
98057
118027
78093
4620
82103
11200
12186
6075
97337
95914
110583
42222
97299
120905
425
73146
123071
18502
94282
98971
2199
89604
3040
5927
47274
234
25129
45959
94320
6122
83302
34538
8496
70627
107584
13030
74564
57063
112769
28714
68734
85652
70865
57463
109379
77603
62581
117238
68862
4983
50929
93452
62997
78854
69055
38889
22184
48663
64345
76221
19189
103524
121045
64360
65834
21446
30444
111203
67915
84182
101755
55346
17355
118847
95506
115070
123215
100659
46316
13566
118438
95693
28632
104603
10189
33759
122629
58812
16796
104886
43814
70586
71558
85521
76776
93428
56745
59852
9120
11981
51970
19721
50650
32567
76468
106646
21393
20405
91382
83400
45447
95086
68355
43444
36558
108095
20041
42851
65606
115720
76828
60514
104829
116445
102592
111684
110973
49686
27442
24381
26454
81937
42363
78846
108474
88635
116825
13231
87902
8510
66269
79926
6240
94042
41399
79543
51638
53707
78481
49102
116928
9478
12999
14074
71580
117603
106550
100570
105224
3622
13872
80164
121403
69443
121194
25316
116905
23221
72808
44324
56978
32019
37607
82337
93055
107122
7354
89286
3077
121508
34296
65726
34314
18660
15590
28512
106933
80399
931
22958
83538
61252
40159
109234
109564
2488
88712
112440
30045
20261
93915
33557
51352
109686
46635
40530
118308
30394
66328
62253
21653
72013
98071
109412
76230
82622
27996
4233
32267
55374
56239
121658
85608
70822
120901
34350
76103
76811
78210
90297
29317
110907
24308
115578
95446
57351
54234
81927
31672
88589
1682
40748
24231
115024
50599
117378
86459
100220
75809
77100
73974
102269
12004
108293
38784
67072
113640
50744
12205
32071
61592
6465
104636
90576
85115
22179
9883
22108
8281
115859
61856
76253
104930
10934
68646
115424
72699
106319
113820
11410
35657
31525
119193
59883
5460
96945
59536
41512
6459
73842
47716
81287
99579
87032
121349
111913
36463
95195
98816
61629
88246
18316
15054
90892
45687
3766
81283
12826
99684
76857
448
37362
36058
107460
71557
90846
86586
77749
121529
115717
122013
72073
13440
114511
18636
33974
110846
102855
47458
122591
52100
27073
100234
11591
89547
59324
81734
18288
57124
4933
21811
43034
73719
30053
25968
70851
95105
86474
60568
73995
69411
7934
72056
41273
16608
72765
47830
14173
50142
10640
87279
79843
49232
84331
75972
106491
31580
27840
95585
100122
119119
9148
31117
101227
19548
46264
77513
17965
1455
116586
19009
106548
70948
42478
119683
82908
103686
72746
104774
58987
80198
107256
114116
119690
44654
104940
52839
16972
118362
98319
38562
1347
95668
55915
41005
68407
91458
57440
41680
72956
1517
52162
123057
17520
106064
6757
17332
91289
63979
74247
6842
21504
12738
87580
59464
87407
14093
123179
36593
54189
23349
53568
33208
39611
38502
114526
1845
86746
37772
42952
7537
17204
20185
87856
62332
17112
78099
79553
54965
40716
118496
9941
77033
90991
103402
33693
57621
115957
89320
57457
81552
98917
108881
74512
68708
54377
11912
66240
12611
17736
50120
13925
14665
117246
35984
78176
17074
121450
117449
96839
96501
75390
56746
19268
26430
29994
64826
76760
39110
17826
99030
91738
1401
21730
3765
94119
122426
39358
105734
91047
12916
91776
31006
91601
113243
28795
71887
108897
9934
35684
80069
110492
86782
66872
56224
23277
9416
86386
41912
70942
21080
62087
66443
112346
1038
104380
64739
1075
118182
24402
107211
40125
3999
90932
69980
29110
118953
41989
121372
69877
67524
118803
9330
80588
39441
108518
64281
49685
49168
4310
22952
117279
107524
61014
17421
64988
20063
42902
75188
88746
59725
92787
22426
45439
70885
45438
33401
82642
21214
5695
75757
24829
101314
72132
89126
33451
55703
72281
74180
6080
47328
114355
44877
37491
103666
115723
2687
48751
55368
90363
11761
117359
48639
1243
19892
10549
39063
117854
77529
16758
50967
119707
55720
77408
117830
47711
3475
98711
88330
87321
93069
41105
1805
121041
42066
26927
105179
54941
110592
8184
96747
52427
18618
71877
24812
42554
114035
63776
36499
43143
15996
5967
110692
46313
44043
60267
12212
113409
65709
116957
81682
11784
12077
77848
116373
27509
24742
4916
88037
5011
79605
117870
70468
5844
15130
9819
20192
20377
120922
101850
17934
19988
89912
53553
74699
83019
105729
118074
77076
32671
38870
122103
111438
31302
97263
69636
33330
89218
29486
78732
100951
120687
28969
95825
17341
70591
100209
28713
47367
79716
24214
121820
30655
111424
49592
83826
64815
16466
85629
95565
109001
115163
90323
52945
22574
17429
70107
70928
18025
90585
109461
112622
98993
36674
61009
84762
95840
46464
105707
3298
7286
27824
61225
30080
83043
61171
70741
93440
54056
33859
66825
44286
4755
103780
38023
19361
67644
40561
24333
46339
20850
71619
104805
4634
85200
82128
89838
84000
36197
110874
122620
67834
90860
101448
43985
7291
76008
68504
108510
10754
38245
103493
66874
53024
53650
21073
113449
120573
119309
37067
4824
36249
90085
85378
83369
106987
106005
19631
3392
122001
51333
71796
58064
20478
45121
577
46695
83106
73276
115814
21813
103374
58927
120348
11741
15965
29898
121361
106256
99297
73199
105599
116527
118604
91360
95170
36335
65366
63598
96213
72300
9918
37172
34005
45991
95735
57582
19565
12537
8937
18205
7564
76239
48388
73453
51981
104404
7932
33235
1373
43198
32202
60489
41807
117200
891
80832
115487
64780
91060
82467
51573
112334
75340
116672
90318
7182
4639
78172
62271
33846
66261
9873
30954
122760
64357
67872
87223
100243
1461
89685
21098
13456
24015
6207
97749
122118
3017
40158
47961
118341
60961
113589
3196
43696
27574
85995
31458
14186
89612
64865
36775
34414
37376
26311
34851
29549
48318
11532
98088
79391
19637
572
64822
67744
78451
68983
77636
97183
65995
65554
42479
112399
74111
40336
94854
42512
45798
115677
45508
36188
63588
20567
86366
99880
28947
50704
67331
115602
23950
102683
86382
94301
21803
88356
48706
24188
24675
84984
47281
113881
102712
56739
74043
36288
24599
47642
5784
44378
76036
34571
14068
10323
83304
102437
58574
28125
97895
111927
107985
100721
38790
19150
92364
45902
39608
57544
111111
106466
32362
12520
66232
36867
30604
15073
14336
19472
40111
69988
102728
97839
839
112996
28997
80377
92849
53842
98995
39479
123221
40898
109973
51332
87395
56442
9421
17318
79234
53943
34602
25296
66854
23596
105505
27680
118557
63139
24261
116463
45065
77286
111521
53813
53809
11139
4375
6631
45714
41158
94608
39148
113290
61584
49216
7694
47198
1176
7426
7389
114154
27659
34444
66209
24438
30784
24048
16061
31101
16047
107703
11344
91879
120471
104522
117044
10009
35033
93970
94143
79792
89385
15433
85620
118467
7176
5409
4384
99036
84958
25520
103272
72022
104510
33096
89890
79133
104548
119539
71221
1589
27631
26379
43296
110019
100119
43685
35108
83554
116253
64779
37680
114422
55608
63208
15939
40612
9531
34664
46760
114600
45484
40552
46306
117252
109015
20612
31240
30446
38069
26876
101252
121948
23080
51477
68155
72485
24084
62170
12733
33198
84681
96382
87340
54557
92938
17908
99637
36797
119053
91263
84949
91734
78978
80126
83408
121513
101334
97335
62214
106036
83560
86350
57166
67015
46025
60762
64499
119647
97226
104097
76719
14497
106765
89344
104147
11718
48224
10447
17920
34010
9497
33223
57361
110529
56121
52068
96414
114549
119176
62497
54887
121867
22398
66699
113671
58901
105196
31536
71769
89252
103743
119420
37422
115451
87521
81112
60960
37116
84988
100137
62245
60439
79815
45149
106193
57585
85255
92559
3397
39021
87720
43571
110828
107637
26573
13263
113340
110636
79748
71432
98896
74336
83705
33172
55406
51128
27339
65757
14380
29848
80970
4118
106837
117057
53670
35128
107273
47231
18527
52522
19526
39111
31011
36783
94527
5605
50613
93588
38532
17804
122070
22475
57584
82341
4321
115396
100183
36081
122495
41218
9659
30029
113877
39012
70068
64378
1383
106749
100569
39968
3069
31489
79832
28880
109007
30747
116117
78329
71511
89106
65925
114369
78841
41966
13762
8198
21097
110906
88855
78731
92121
93100
91789
122864
99573
39789
90089
37047
106869
52980
95443
94399
118903
9671
12359
85036
68017
10023
3384
108738
2953
84643
33150
89791
30701
60763
56875
2013
112300
99098
77506
25324
78398
38272
117541
106547
19244
14377
3474
12019
115935
90167
42847
61022
52445
117647
35127
110686
23723
86894
22823
12960
102788
69660
103809
56246
66579
61142
54319
24491
30422
114219
14868
64275
9172
52884
122547
67921
67258
40805
50593
70021
1054
92253
98264
50487
104077
4253
35827
52902
116603
113780
14999
65340
92521
80902
3251
71935
22946
45721
68467
114363
92300
97366
69401
66731
99940
107546
26683
101344
59549
108953
60737
12650
109032
54222
60752
63148
78446
30139
111422
10952
35090
37137
113689
18544
26693
65884
84423
77085
103273
47003
60449
24670
96342
40151
52644
61165
81945
109590
55104
74930
114932
65119
99887
96265
36009
55053
56939
103917
109473
39061
103827
105570
82897
20108
117519
102521
12904
99228
96095
118768
6111
38065
105810
73502
58566
65660
105495
97297
95070
122502
52855
55077
100287
25300
38567
112558
92952
18043
32855
84752
114326
60500
31700
73640
97625
5382
46394
39346
40185
116221
17471
61455
54636
66556
22745
120616
83651
72828
14987
35757
79776
60404
35214
60595
20938
40320
24410
8443
90292
75062
60613
15027
83330
41557
19442
23622
89967
58997
51969
48195
34164
91246
87564
65466
4510
25302
44615
110409
55370
79546
122134
90204
14560
5118
20462
101919
73300
9786
18973
63080
102276
115418
83253
24906
108756
53811
43352
1304
57347
99827
107873
41434
106110
38875
115336
91559
49253
107696
57863
110737
81903
101610
56515
100710
46706
69836
87299
29929
120327
20204
22332
87654
104263
93969
67954
55110
102074
17099
56229
47047
49340
13913
12008
67091
91435
106197
4799
83723
13597
98605
43288
115536
62942
20516
101149
59065
10057
45550
65479
1009
6016
54390
21557
55475
115880
74883
96254
12048
29863
93059
70105
77298
12195
38037
79357
68521
86516
48013
51249
33057
9762
112737
64165
82624
84094
91526
50615
24952
69344
20656
18823
60717
117543
48345
111181
59554
86787
69127
59154
12743
72518
49652
76994
112191
68577
33440
116651
1116
49602
120308
83323
57995
14419
87638
102548
84235
83743
71699
117032
11382
9637
71591
21431
79029
5150
102028
82905
52311
88968
3755
98446
70051
70001
7005
98231
87499
2222
65764
31109
45406
61070
41037
55602
291
36485
108105
93585
11049
107485
48523
52749
100529
96575
106529
49491
68068
64380
50703
67068
22592
78655
22098
56671
87206
30664
110394
97030
33496
115129
42440
66065
29999
47356
90402
79311
36210
110286
93984
117445
31530
32763
76458
100166
7951
66600
44337
38685
59731
80574
105380
68141
15708
99584
13947
27190
43702
29274
66449
102766
56201
95541
55901
97136
85421
108610
92575
88532
40061
111866
90675
87756
15446
1467
85915
22195
84871
92753
26536
74769
84574
1529
88812
64747
84386
21281
5481
92941
5121
105577
8985
43241
101186
10515
69347
72603
7823
48068
56107
122574
21532
99327
98784
43623
57576
23748
57419
74864
19620
33406
102635
10024
103845
85825
54494
81782
94443
59411
101206
24061
66488
14570
116845
62376
4303
57653
106251
15916
40993
67613
110346
5923
13827
76220
73472
32771
65807
82779
106913
34085
45890
47823
123437
88347
41608
90592
30351
104654
63375
14031
123293
8505
115305
36719
57030
81045
92320
23356
94476
87380
62666
28585
87397
115069
57754
24511
13215
85141
94571
102792
24060
121131
2587
41711
105100
75106
78510
55430
6045
39372
53342
72189
56677
48043
18300
56242
56575
95893
33877
44077
35389
69156
65844
15442
1745
75315
83552
105718
97564
54194
26022
77229
94657
4841
111190
108422
72291
400
58540
23476
59173
25806
108637
121331
28420
8600
1739
28032
87196
99797
25990
61228
89715
52404
79180
11339
112376
42364
119393
97670
50876
90407
86802
118909
115925
80019
110842
98859
99386
76225
64637
40480
71049
2831
64810
81522
87593
106144
107986
19012
66084
99786
99867
110005
59366
53723
115345
19322
101197
30534
63164
58918
73909
8030
35416
94955
52150
29622
91465
74587
85930
71538
16967
81608
39553
68276
55627
59191
69656
25793
113600
33034
107840
41292
56391
11622
4533
35769
97677
89016
108343
88608
3911
112867
110221
59880
90113
31299
74846
85725
53296
27456
42009
19731
57732
80899
68249
56998
119780
87403
57239
85839
19180
9679
96375
18983
33092
87044
48825
2551
29607
24944
56804
73184
34859
6869
62074
78738
120660
75582
71919
43344
605
2363
107124
51469
11033
93749
122637
30871
84185
108763
24428
7664
25780
61470
113693
34115
35580
102163
97034
63015
101399
80208
69893
1568
67332
26740
70127
95286
83197
61520
99139
44028
83181
47822
26589
102407
110069
7725
64058
105682
102912
65917
85361
94167
43298
40659
13601
76296
43743
56436
77208
14979
37028
55379
42714
103507
46644
45423
91120
72559
118132
78307
80690
31153
122863
94349
6076
19488
109168
71648
6098
7818
73414
106031
40920
113043
31724
123063
81799
43156
59282
70117
57177
78632
49221
2192
49687
45088
105359
115431
13773
86977
30910
56046
3007
117649
21620
6428
83081
94005
90176
100238
107345
17684
91737
71543
14333
3121
92119
14528
37247
26065
96687
75375
25512
53717
100391
120006
93000
106337
62331
44440
118203
68381
49044
37289
89159
51760
55862
58223
61755
25123
113379
47814
16029
101180
78220
77652
91777
85409
7865
85484
4190
57618
93726
73037
20604
91639
94026
123183
45606
5192
101537
23282
37841
19440
83548
114460
82489
53366
113874
85319
97134
88289
24911
80158
69607
121254
115105
65868
56340
108893
91679
60806
25088
4041
30944
92628
9948
49737
113439
85217
94461
56136
121737
37741
23584
61750
89848
66405
67361
21363
107167
93844
15451
1331
14914
3816
57512
95214
47446
65597
17360
82999
114968
65039
39903
119984
99939
96512
14300
99115
83998
33931
48415
42032
29841
112824
50850
119495
43436
82064
40554
22155
121083
18317
96266
45789
40698
100309
20833
98050
111658
98905
8553
49184
45296
120407
90568
6408
51557
114359
87409
105690
30286
82653
38885
60972
43032
56648
63231
111663
73352
98066
55580
64730
14667
100540
89705
45295
39143
116441
14143
112929
107647
44428
106264
13712
34950
119394
37963
87952
110006
73083
76642
93188
96567
20132
85094
82906
122110
9397
120309
58626
54882
108370
116578
18978
107012
35385
18368
43451
74401
11050
80993
36524
13023
66006
95074
30463
13635
95290
122587
122271
105537
112428
80097
8081
86048
84193
2043
73348
112450
73791
54990
108787
30962
66207
19759
81616
79745
52054
81575
25079
51147
84640
83350
28249
107070
100006
59783
52792
7381
61272
4112
72330
71318
9641
33364
37011
61511
118230
99027
88576
23842
47997
118843
106499
84864
87816
50121
14463
13536
6787
114672
28962
31326
66257
72378
103355
87263
55106
73911
113291
92351
120741
59198
2575
45103
52375
116120
33516
89964
16646
122161
48203
1801
67697
6802
53848
103544
11998
29061
11090
24330
95811
74426
84817
62455
10939
109510
45323
117872
100521
51202
88572
67143
86618
55579
6505
36403
654
43975
104008
8702
45053
120342
88460
33537
108936
91715
3749
98224
101049
31298
16159
120856
85433
65334
63256
34997
30620
66975
109746
113441
95424
114965
46493
3843
70200
115992
123060
95844
38563
87806
21906
105902
37968
45919
104319
36763
44198
69749
40184
27687
82169
82078
24202
35071
20157
90878
92748
79810
115718
25966
52323
45938
54829
98535
103173
35968
73681
37360
20399
72604
26422
56584
1806
54740
49197
28756
12748
14353
41955
89714
118016
23745
121814
6882
108212
117656
74851
48036
43677
24653
10988
54579
5416
80531
85731
60268
57824
35737
35471
1124
123051
96229
19874
5848
20119
32627
18583
110977
90314
109640
121553
43654
68152
98828
53183
49439
102739
36050
14761
69974
40397
3945
17300
35358
1820
10019
78740
82311
5777
24166
86950
50772
93668
73385
23233
75140
5690
4331
35322
105900
46545
109248
31565
71189
5353
93765
9118
14363
89245
60728
103938
42591
14146
90511
116965
83521
84761
86711
75143
5026
28531
84054
35772
5529
42684
36208
16985
12032
52924
17582
27419
73991
100639
122852
55717
10971
79788
34897
73533
48442
39099
4499
7196
122326
96292
116626
9276
103011
119259
43040
95570
70970
68441
3282
6312
84678
93063
91154
106594
38277
15822
11241
116963
116709
107516
22712
42666
30447
47936
80868
31045
121113
83228
40595
95200
75592
74799
14047
4813
27525
57444
106435
77569
117050
11715
10544
19138
82218
20855
9648
106081
40435
119086
8947
24140
24019
95493
29383
114634
88611
60598
42859
32645
99760
9391
31701
108843
18037
45434
73908
42673
4913
43162
57168
122300
110963
24688
7791
23446
112372
75518
47973
11216
100550
48060
17432
119423
6544
112219
104856
59645
23509
83670
22737
32477
117625
63065
23662
15870
1997
65195
68722
44573
51486
115678
77661
75103
121156
82047
82863
23793
100934
15625
10751
52543
65242
107313
18332
100859
8563
39752
51862
12193
885
68735
29199
53450
114735
45715
11498
72006
109152
111453
75540
62852
52520
63711
110638
95017
31681
88811
12813
96548
14907
24650
66792
77125
66454
12086
110995
18817
107761
122269
114776
54656
67248
80579
120910
52038
20489
71171
23156
59691
50491
70728
49537
63834
109611
79775
34384
32788
87207
115959
83487
69953
117839
77626
6750
82890
106225
59407
53446
67165
49890
114083
95634
38305
56661
61650
122413
87482
19172
42213
604
117988
96030
18117
79982
116424
98173
69384
95087
66876
98093
96741
95007
93321
73280
99947
27544
98921
121960
105638
20266
61235
84784
55312
68550
62959
62005
20047
55649
24928
28862
38863
111750
92103
35132
57125
66953
25460
18802
87905
66627
123186
104477
109169
44402
21899
302
32385
97035
31766
44960
75959
114976
98989
60775
83163
98267
110118
99704
89123
96420
95099
501
41843
62313
51021
43562
14052
100347
110678
94481
107281
113672
43607
27211
5594
79860
21465
15636
77977
66511
69326
114147
81812
24434
6274
60176
94595
109647
75792
100293
78985
84017
58124
61173
97331
591
87898
59995
25095
10575
89170
100311
81347
64772
17495
17265
79420
101873
56710
107633
40416
64644
4748
42246
88687
29346
99
48818
72799
18829
118082
1230
114704
15887
26686
89371
66843
107278
76699
65895
82864
13178
92303
40627
75995
80352
33938
121771
78343
62979
103240
22334
16556
32630
74696
60990
21904
111897
119271
121028
63067
122233
121246
11940
42378
63292
44584
34822
66408
120885
60997
93484
105703
42857
102346
61613
34272
109979
102003
54736
53206
74339
61001
12641
11626
2870
52946
17105
26248
32245
115770
84288
101039
91081
96153
77902
101244
5253
68743
91306
43886
11505
53606
112134
123149
10625
89020
93956
21237
113688
64711
48306
61944
94192
30137
51522
111205
53744
112189
71921
104158
80026
91785
57005
66669
6121
56652
30321
16180
98464
114380
31880
3033
16043
2522
119882
117966
99071
82572
47501
6833
10613
71363
96443
68946
24143
120946
99026
47627
74212
38102
82163
25145
59213
83012
22533
120833
48377
34947
54015
5022
64228
5521
16932
25226
10823
6087
94779
89607
76877
54101
117332
84328
123399
15912
37288
109160
76983
72421
11966
75960
108280
90665
22084
107141
18919
65149
79950
17393
4459
21850
109485
116374
120571
66869
117476
63141
107389
99787
103224
62079
102543
94588
13526
44100
88312
43313
32309
55120
29546
111815
76618
110455
55710
48125
66311
60117
25061
86268
4980
73759
108033
40191
52276
80931
16325
120622
87843
22989
86466
115139
107229
27017
93159
97734
38861
36772
108558
26420
40734
106835
51508
56029
55455
34018
57902
29236
48279
87027
120701
63393
17806
35763
13958
80257
110288
118853
7963
102421
104156
92694
40007
48127
53451
45400
52239
3035
115479
46319
67561
102168
32665
108426
92372
88808
3939
101212
87214
11944
116837
48521
85277
109836
70385
94033
706
16522
122715
103241
29914
59913
104136
75459
53938
8423
61188
43435
96139
56692
48734
26062
69335
38683
20007
19078
36143
35156
87863
74217
68087
111239
63034
62511
22142
27473
83642
121140
11491
79983
107450
34306
115
30469
79152
4845
47371
75251
2281
3846
27881
85004
108275
8746
20585
13959
5099
101814
115909
15492
83305
89727
96671
98484
4726
120678
13579
28332
103016
56930
72152
40968
22459
1511
33858
5814
121955
29739
87754
19901
95464
123100
94379
7624
45547
51579
6908
116288
110942
21346
33656
29701
79805
111763
115350
36287
60941
83941
17851
80719
119447
60183
15741
98190
114568
79144
67465
73326
68903
45048
49310
69406
82097
165
27994
21394
11249
52611
78514
17703
104569
48752
14301
110600
18141
93307
68496
43579
1570
10602
34050
99398
96664
116988
31204
5354
63241
94197
3565
3301
15523
104687
60277
92305
26327
102388
100290
29104
120993
60530
70596
57999
61239
65144
30489
30175
14637
83064
31899
15276
29576
45668
72084
10874
76254
57009
12424
15108
31669
102753
120788
113909
118039
34123
12258
2401
121404
102095
105319
97465
105383
86206
23000
66057
59637
13187
11380
110405
108503
29601
12491
122050
22828
30408
24483
58921
107656
113673
9411
85412
97220
92516
64226
116119
16026
119030
3493
69004
110693
64120
16105
48334
95228
104208
77155
39843
80267
97403
63667
4642
48862
86071
101292
7299
55101
85181
120108
105621
28769
46150
59247
10226
78921
31819
51113
75187
17915
69316
9322
20566
48741
10975
27123
76536
42164
49698
96637
85243
59236
55116
46006
35491
63094
88797
123285
85772
41475
70671
84626
82507
14938
11521
77853
117474
78263
31453
55851
35846
13472
75025
47855
37744
52715
74208
85075
1313
11970
2139
59972
99329
63439
752
30899
33982
44020
47492
49800
32482
107685
82648
73448
53679
24290
51298
43978
109413
14268
31719
23376
102498
72519
9522
113479
38365
59315
45828
93516
22483
73311
47064
10784
57929
8512
118733
36517
100312
101662
44030
1770
108818
106387
6261
2532
53684
18116
117585
43999
105487
14331
91167
4987
79636
71254
55970
114814
69275
74150
104556
118104
45873
24631
14871
47267
76247
41562
1190
71897
37156
118447
31071
4638
96775
51241
85204
44018
102116
31433
113806
31900
33640
66591
77423
5368
35691
14468
96064
42747
30728
7985
109328
55220
3701
28721
120662
41614
13473
35566
122035
2759
58966
105457
44253
26900
32462
106270
2918
40494
119500
90344
115537
17415
90090
120128
57287
24197
44331
56936
76128
34800
58721
182
13636
74242
101031
18555
10667
112149
82842
24857
63362
44820
86077
47444
59631
116190
77223
119510
44240
110250
20081
71762
45558
10809
106644
7903
66839
81708
67603
100879
12731
115940
39842
40856
115083
108863
93622
6013
31460
101167
115197
59986
121353
86889
55093
97352
21595
118728
51330
110575
120809
78997
73936
94579
107915
112883
104118
115064
9732
88434
5535
3863
60323
99144
103646
82671
65459
28710
87311
51247
92690
20794
83878
18622
28069
17970
22362
4266
71774
61218
42129
1163
86338
63620
49109
58950
100831
115549
74615
102258
7930
122332
61324
38371
92359
68765
77521
58639
66068
1268
69758
41043
104347
71602
26995
34720
68761
49984
40685
17835
26925
84863
94226
90395
79881
75477
83348
93367
106740
46358
2269
96898
71261
62793
119263
103208
110562
36911
97398
85146
57737
55319
109214
14159
69746
90709
37616
85792
65425
120321
78076
7106
22280
32698
54164
74904
117233
118088
110126
50516
32078
28931
89359
77038
87838
38877
117426
223
45398
78157
5770
120326
100624
84534
93949
37295
92769
76434
25864
102904
34893
102406
41262
82614
56247
68182
114972
97324
31257
67892
89497
43791
116268
33913
30688
28468
107683
5033
17035
116016
92555
108776
68782
27033
63010
71550
48324
89327
97028
63130
65931
10372
68200
108794
10724
62552
102142
65919
12903
19163
47264
44023
8733
9527
247
118474
67713
101734
108913
3203
18097
50796
78513
101472
91066
12025
99756
39638
6899
83912
19914
19827
18737
112247
88629
120535
23369
85010
29435
102428
61830
30841
57182
7877
108827
49360
76592
28066
22499
3705
75944
113474
67619
47425
50069
68121
4153
7810
101495
118245
102203
111095
21925
50497
23646
100964
43325
108807
58663
14905
23148
106283
9988
21892
22090
80515
100360
108793
119860
39990
120948
61336
27225
48533
46877
83752
116485
47982
105988
104752
25133
51094
97245
38898
35882
72872
91990
32065
15964
20785
61308
1669
75410
55571
102235
103867
59727
75887
85100
114405
2548
88021
55004
121587
73773
98916
35100
83921
85214
95663
19311
32235
84410
111071
87329
50496
14654
50272
108484
74793
65128
122556
49683
18233
52041
88181
43877
62733
91185
99744
69767
48333
18032
9496
12600
120375
79923
58245
115899
94944
107599
116404
75798
55476
99061
39979
116991
9388
54219
15825
93362
2383
76010
118086
41577
79326
97457
11788
122028
3032
26375
64661
96187
26695
87793
5753
41525
119965
60388
74362
3606
106424
28433
114575
106000
99989
113239
87909
36304
44688
22978
10254
65344
33361
60543
122505
89167
20595
72809
19815
114591
103394
74451
9642
17216
72651
109705
123119
109521
63457
122034
44698
15497
705
79228
102090
109372
99920
119174
86442
28966
38833
7148
115283
62270
25745
110146
96980
96047
106514
10080
35986
105666
87376
15468
45357
111090
33644
101773
57453
10901
120324
20962
49829
28529
11010
19824
30906
32108
105871
27300
52687
31457
5744
3313
95233
107375
69688
96942
63821
19191
10703
74304
85175
73461
77514
58070
120435
54044
114164
116303
56540
10012
6297
14002
90850
69385
69286
50156
2009
2685
44471
56957
22732
31162
47725
109049
74292
43155
42638
104941
115392
45597
105461
48024
33519
116280
6099
96663
41477
2531
119351
32401
82006
104270
51203
57613
53749
32941
52405
23840
56057
65363
97371
78053
66775
104191
93986
112350
98560
69298
54318
56409
56096
111505
117514
83748
27511
67661
30344
49985
1776
58604
63700
20301
104407
68397
32571
122512
10708
24889
89530
47714
15426
22300
89837
101154
84508
35219
66040
118021
5726
16276
115749
112529
82117
38165
118977
115712
91357
20339
48893
99256
79522
56994
86937
49023
115558
118954
32294
24800
70163
21322
121799
6835
55679
20773
75818
108898
104825
56970
90851
44515
109286
49556
19866
81434
7577
116184
70784
13977
101752
101633
79783
52650
58381
63681
67813
50841
53803
121918
19064
43144
22567
25595
95035
57885
119709
104937
117801
105725
39668
72570
20766
98592
25121
17391
108735
19741
48429
26967
66013
70411
23647
111145
118711
58806
73138
44670
119203
45847
43550
121241
96465
39443
19175
82533
78970
122926
37305
32651
108749
60090
100973
104635
12853
103650
37849
22449
37921
68184
81636
53241
70119
107340
58914
65950
37569
39593
84755
30020
110782
51651
47683
27347
4206
91121
85342
86055
77416
50982
44598
3895
35918
112373
85406
60427
50854
64835
72023
86584
65348
52618
45351
109825
6049
95874
87392
106750
75503
48386
36008
22623
86011
42086
13350
24644
63595
25410
25610
108850
58089
45279
57531
83315
67007
10483
70006
9640
66532
41893
84874
9029
79837
8388
80134
8955
85318
66031
99905
44926
13759
101703
88034
58516
117349
64686
50576
7665
61903
49894
111601
50
103941
84380
112564
64467
6304
85512
47261
37619
51014
105432
64760
79304
82201
18451
19625
90043
89849
20102
22566
33174
116131
80753
118401
58749
370
34482
54414
113683
111960
96492
55531
68041
112239
52778
12033
100198
44178
35349
4484
20714
107749
17240
37238
10621
6964
116670
19075
33175
61093
25182
117862
85682
69154
35503
14993
100748
6477
1174
27243
37002
32218
23800
46204
11368
39432
86473
14320
14470
52857
55114
102743
120214
80628
74723
70646
16929
111232
87875
44036
4369
4228
91472
41694
61632
97000
73648
72556
67129
117269
48688
115932
30594
88345
96478
107179
98176
14935
100642
98612
12622
49449
113254
97626
66066
62251
55392
15200
27619
98298
110630
123027
64492
69594
63875
35154
92503
26445
50829
45595
103913
109999
11365
91243
106296
73019
5749
27742
21230
117356
23683
119714
67785
48963
114413
78276
61859
29258
57920
104499
121906
63765
306
37396
113296
103149
36490
24720
112408
72890
40987
83430
96889
36283
26999
117778
816
31552
55686
30857
13198
87185
80892
31784
80010
10265
108010
43183
25015
8925
47243
41693
28153
26251
6881
32874
112714
9684
96096
116909
24875
73102
92433
115946
107975
79193
73717
41953
24858
84682
73155
24572
111797
53404
94729
85741
89742
71324
28354
118166
52338
99575
13209
523
73578
60413
4992
103448
3237
27589
51007
14610
35610
31056
112627
11860
106410
106059
89158
114638
59677
25711
27772
2430
93390
56063
110795
112181
16453
2205
52077
113737
79892
106366
39037
104617
19557
81537
27483
23716
107866
118742
121694
14347
120370
17494
28520
77653
20046
38018
41228
61873
92274
57054
61708
55115
39470
91380
57464
940
31691
9927
56637
65504
20630
66687
75400
45984
94679
39974
85819
31516
79242
11218
89999
107734
9741
94754
36724
67008
1194
60395
66442
12821
116557
116823
33572
114006
59831
69015
94503
43642
62025
19280
106902
91230
25304
63510
85065
11763
30309
14743
109497
52823
14418
112857
38673
12879
82657
977
112390
84767
79081
92547
94084
80189
113587
97377
27317
41461
92067
60934
71726
88093
106418
89265
104148
70076
43120
95664
44655
6688
66503
52258
70254
77194
115934
85563
100784
56487
38048
47324
13013
90606
21170
44636
61937
19171
107622
72892
88001
6043
38301
108982
7771
24142
82248
42777
54016
56430
61116
88264
77573
75828
25656
81693
49280
42412
62892
40436
10927
31347
46955
47993
58720
54832
2326
43977
53162
49598
84229
44846
85014
104544
52595
93102
59442
99271
57597
8070
72929
14846
62855
90742
102432
4470
47272
11323
118194
9477
33816
28144
103182
115592
37709
98202
9638
61516
90856
77631
94479
57033
80818
70313
34181
9297
20228
59915
118366
56324
91128
33400
113610
25614
39797
54867
62223
35130
39046
85456
25947
87489
73307
111471
4099
68064
101626
48476
49832
101709
70909
75091
20715
123205
112979
35771
46851
114186
72574
113413
106168
81180
34371
73761
96411
40567
82090
93552
14599
45030
66179
74516
73653
36252
27835
25483
19316
12528
100208
32431
113604
99302
57065
55733
60363
835
63756
105291
92727
71119
15341
63156
121735
34670
3692
116990
93720
20105
78069
84254
21849
94518
53783
86776
15999
4365
18635
7722
79995
117610
30225
8383
81855
24272
1274
119994
68150
105867
59586
62728
68894
88358
32700
38797
40263
6333
16584
76669
60931
112623
55052
93911
5077
116369
39374
77276
24637
61525
952
1369
40014
6499
121838
103611
95983
50287
100473
36115
93051
60755
121637
54749
2852
60330
84269
73486
51011
25051
105401
51222
5872
30147
21927
19200
83783
122392
97025
83721
66322
19876
6656
76602
69139
28133
56024
85603
72239
4326
3704
70078
65413
103839
107780
117808
25965
77572
91913
111708
11124
91296
55021
108703
22673
17694
80837
109148
11548
111980
24384
62441
99170
56478
3229
100459
31629
12804
30389
78695
49722
22385
40197
48437
40576
52049
62416
91825
75230
42421
95015
15229
10327
113051
118533
11034
99244
117046
3344
76187
89445
107041
28643
51236
58289
65212
37934
119395
89621
45594
94032
62675
44482
106531
579
83229
94144
64341
93854
834
57139
115786
43529
88667
16444
21623
121705
37183
86016
23433
7453
48297
106208
38501
44989
118676
57223
104672
98521
2547
21993
25217
187
121490
83983
103953
47718
95769
78208
78599
26419
99950
25983
6381
67597
69994
106774
117655
65059
30007
10046
14866
34326
120197
31929
1985
79789
71732
75927
82152
28933
48414
82305
62024
72841
36584
97282
113816
33331
67145
24955
76702
107044
14431
100807
67048
13066
117576
112575
91936
61547
107118
57971
37594
25821
1004
116313
112238
27005
26105
106814
7841
44756
47256
112173
17778
20380
11377
112193
65411
18917
83338
113979
119200
66737
16191
11935
87231
101581
107140
80941
37588
6673
603
9791
16990
38601
74414
53659
239
35727
118468
23161
60109
53637
1385
109860
38081
106086
91177
3440
37561
103841
8837
112754
21009
113366
67214
58474
42864
48475
73544
26003
61696
48852
86142
15349
98505
32659
90041
45834
26688
116972
25538
39097
116910
84223
116914
68236
46871
85919
54299
45517
7632
13537
611
49419
32081
80519
19057
101372
107675
119747
17791
106670
107879
94532
21398
28778
108802
62177
21633
71100
58468
28916
9016
49794
42842
74545
71927
102151
59317
17882
61378
117829
50826
38738
76142
85719
2605
20747
86662
72837
70371
70238
76353
1957
99015
15693
17981
19233
115106
88827
87018
22099
9704
119969
38340
72472
118577
102343
78824
70990
122539
80419
122601
18399
35218
54162
29842
118585
3080
18854
112631
90209
114334
13432
20300
121260
8793
44571
41855
75943
103583
5606
46622
17901
12047
70304
88790
116763
65893
70017
108062
101434
113978
3209
107435
41707
117218
86285
53525
65628
114055
75973
61982
116412
44984
31346
70073
49678
6336
91856
86123
16798
2489
18229
112433
117136
73434
78038
35274
22170
59960
450
116819
114376
31333
1983
111308
81054
1935
31832
87576
41817
81557
109042
81321
109965
89648
104821
73227
52528
40415
42918
51514
36605
76614
28640
77620
118023
52383
90759
118291
48227
30414
45949
102253
850
57753
86064
111433
66912
94825
65174
23308
30200
44899
107893
8849
116597
83593
33271
31065
29107
62081
54748
33634
82473
119773
61162
114797
20439
28937
61517
110567
42722
73649
41230
113405
32762
96543
63441
27931
5955
121569
18099
100647
116706
43517
111773
51458
71300
73077
101428
112460
46045
11678
77610
53228
88517
76372
108246
34977
51893
77939
64977
118206
61063
108273
8002
18705
39925
67206
73103
72731
79864
48298
67976
64127
84296
73704
35022
31215
36458
83913
71541
87702
51692
121721
113357
44031
49917
120639
1228
24075
39962
65287
113362
42729
36569
28533
122934
25583
103909
97979
47334
48434
6171
79554
29539
94559
41410
82175
65529
101938
45422
108026
69869
11884
25292
74310
29519
99994
109266
10190
50164
5592
60513
95737
120866
117594
101474
46338
82239
21632
54804
11403
86601
53239
2315
120634
21639
114249
42345
19024
96599
107977
172
52764
12244
88872
55961
83372
29007
80311
87503
39471
99084
26507
16613
22053
21936
47414
114319
70988
101191
85979
46254
13622
73785
19230
5551
107135
16248
114713
11682
49557
13722
108672
37194
18080
35744
72544
75470
39826
62743
6212
77083
23111
66550
6215
119565
82071
33551
28013
83039
58274
12215
18886
5659
86729
62188
122630
76701
84803
7411
100386
51555
71515
117310
18787
87167
81587
118687
99832
32400
18126
99209
87901
119346
83633
54704
83614
8889
32034
44182
18222
47873
76901
118705
48384
87950
90924
76193
37306
61050
90029
50755
113151
101200
75345
67730
105070
68379
53953
115239
121071
112943
75773
25803
49022
115995
28386
8845
120930
83065
4588
4647
46735
21785
22815
27927
108768
20241
11624
85017
46381
111830
109706
93352
67805
45578
61945
106618
64769
11885
7646
86962
65458
29010
48078
117523
104087
104761
38255
97139
13386
83540
109239
86199
44069
102702
22411
40090
113987
43333
42508
7191
93361
113302
77339
85320
31227
30761
93375
98411
63211
81070
50719
14923
43110
32648
78628
46326
50804
116104
57591
44329
120652
32225
31805
35734
35379
9027
113867
13616
48502
23470
8653
70997
40342
5104
87854
47930
121724
113566
18142
76273
66158
107108
55990
56145
71218
114496
67922
121540
29484
72219
102257
32783
108126
18534
34420
47847
59757
3363
66848
76609
82149
52673
37435
10440
57610
55927
22327
100365
16984
80952
119260
115763
94811
85383
26132
84750
65482
80790
61513
116228
80287
100048
18511
51946
13074
54045
79990
66439
72558
88494
20001
28147
44165
92931
7872
70042
70762
26797
118752
109038
118871
114093
18666
43689
99057
65753
64781
62300
100840
81094
51279
34543
117458
38745
116249
86740
61310
26574
12950
71110
113190
108306
28343
79552
84448
9192
10722
50129
80213
74239
88507
43641
23750
114924
117082
82327
78353
10980
84455
104129
20809
40383
113146
222
91045
6047
39599
118080
93355
111327
57127
72475
62799
32410
62993
430
66553
114065
106521
120959
29875
102193
46517
55158
94947
27771
104625
113899
39108
12194
28047
7289
100896
32467
39510
4020
24468
44126
88884
63580
87013
63152
50517
104384
1685
11628
19160
56979
76272
100564
94363
65229
123244
95003
67286
115851
70732
87990
23195
123413
26280
71969
119476
43796
1375
14065
7158
60282
96044
98625
8964
38163
48358
13905
66961
104530
58654
74819
7631
47619
94970
41673
17849
33077
13645
95069
45321
37628
19922
115980
105554
84425
85462
109981
47561
87977
97432
7876
41108
96695
23050
5930
44994
110050
109303
39120
68836
67487
68951
9668
75788
92530
56228
83791
97085
116830
57394
111260
24618
63404
105904
60629
111138
88556
62874
7242
79560
33775
25650
39663
122177
49014
94385
52812
37811
35052
28250
15272
100965
19464
5680
110767
63775
112447
108164
24869
67066
77678
117333
11053
78843
90439
13111
79052
101924
75841
3581
96529
110289
95056
111247
122619
114802
16947
72532
24087
57980
36405
87022
77713
123352
24335
13060
76167
50552
32519
37217
112270
86387
7353
43275
90498
48790
33822
118697
42307
39043
65038
74748
120479
84691
107913
63184
68913
114315
30061
93670
16213
74959
8481
77980
95058
104976
115978
74577
62775
76078
22776
12145
102080
81405
18445
47278
27210
35494
12942
9778
111185
44811
74712
112391
81861
58614
13815
1649
78679
91129
58878
37440
115700
21582
17029
116140
85481
61503
110878
31928
25187
65635
83883
112738
104734
94029
66142
47157
16431
77405
7252
60170
4532
5847
88183
52784
107396
4625
12135
29466
30203
108657
6626
8588
68830
58112
60036
106588
14242
32329
107704
122642
86913
69259
20728
88616
105732
59647
43813
87591
99309
27066
30451
54556
104950
105208
9406
36841
5127
41454
120916
58458
74956
74436
72852
79299
3021
74501
45018
86405
101683
122884
70442
96477
4439
76092
19887
14456
88445
62677
40842
52186
104190
17749
73134
44840
82114
62448
18276
63822
38176
52979
83702
113536
64344
29535
51471
39467
12297
92760
44340
33851
29075
29436
46088
92137
9359
101525
95375
112176
122109
38472
64305
40437
43721
57000
67517
77363
25059
10195
9828
69832
80372
9045
110418
54031
48073
39241
35731
15113
101676
111004
66180
34790
104085
72961
75622
23771
8447
6332
114492
118344
29611
12880
52346
115643
114285
97089
102110
106820
33813
106812
40840
65838
62046
9209
15876
78501
40654
110947
119537
24942
74536
120805
108812
45266
8832
68418
111527
22644
73725
115257
6083
92113
112572
40648
120009
15928
1081
8749
78110
39597
23313
109034
36229
47058
109323
99521
121532
80794
59918
58437
56887
63099
117672
92173
33084
5641
30615
80301
101730
88409
35413
8305
100286
72141
19471
45840
98958
116958
92095
48702
21206
53830
115367
120307
80939
122415
36255
29559
76110
28395
96923
109422
34679
2015
89946
86098
85470
38203
105993
17090
108143
5966
11524
101694
99295
68329
107850
76480
45950
4818
38936
62181
38801
90756
44441
96967
43626
74697
123326
47008
112396
103370
10782
93089
3814
49387
49116
3779
95696
74504
79157
86039
17502
75093
39486
36840
29912
95626
50966
103640
33638
95463
36205
85053
77905
85882
52061
24882
23326
52527
72380
109685
57094
77086
107477
70214
4713
51530
5885
120401
48994
18227
59659
74228
116466
78840
48325
84801
96110
52604
1222
79380
105400
89633
52603
18443
41426
45665
57425
111859
83914
78880
30870
46914
27081
113959
74301
88577
79017
114076
8480
13423
117913
3748
66411
105210
94198
55059
32142
119312
18957
46026
108166
43982
77011
24641
73191
61800
21049
3928
93271
37467
76873
9657
48603
51378
38184
21263
59668
73726
89481
74753
39696
111227
68158
72678
117922
924
85221
50434
105230
84060
81908
89629
121390
6670
64547
112606
11268
60202
53209
97780
43733
43431
57373
53763
7260
89430
89194
62096
46498
98467
55073
74721
65901
35338
48585
105025
53432
8314
63984
29619
112749
65375
3579
16590
15610
74877
56458
62900
8293
113467
79479
14079
45125
5471
94700
56061
59150
107691
6892
45037
18967
8756
52399
25858
97471
42769
47584
22123
62070
74164
70234
20790
22770
28735
68232
6172
80614
88836
120954
105141
28415
22358
8573
65193
117336
89593
108201
47705
39218
37443
25672
102502
20529
51531
45657
120668
116101
79786
52021
99589
89065
6617
47110
8507
14356
122000
74283
70911
60433
114159
120196
78502
22434
18421
57360
94493
57111
78020
111048
40913
85516
118806
33360
112018
33182
89673
23518
67491
57326
112142
16526
114295
103408
104657
21253
88500
61598
20620
69528
27774
62973
102481
119490
106372
18927
82748
34894
54525
119274
38094
39520
10846
46022
122402
25185
37457
40408
86197
6728
30836
14072
76724
122690
47204
14057
24357
19275
31568
9484
41829
66467
2425
29908
90952
76346
79735
72829
1691
28944
76076
40256
89372
42829
27783
40537
82631
84349
77101
23491
28636
76861
33782
17953
96759
90959
6957
108472
71326
67563
84557
13938
121416
54145
107371
70154
18182
72381
120763
90038
248
107820
71627
86556
27352
63508
87230
76392
120004
53515
3932
108463
71520
23514
88851
79628
8178
99265
54757
80215
112159
86989
109261
103542
74047
57821
74045
72952
8214
71748
109314
1652
71436
115177
60421
82210
76531
72087
91622
61160
51496
111679
84735
41027
50922
3439
61004
19019
107209
50835
40531
85060
958
106647
78271
108572
11724
75373
105882
122488
45781
52691
20865
40482
93777
60847
19140
44889
90548
37807
48483
109644
110121
50087
37321
98544
70145
111776
40230
107086
93411
52032
60441
57158
17801
77180
59904
117665
52410
100606
43992
120897
61573
87880
97446
67903
78480
1278
9058
8565
46655
57496
115846
112915
75557
100412
38696
30330
81826
96196
12623
51772
101916
12377
81667
91134
38169
6226
123086
121753
30473
95354
121307
35949
110750
56131
78638
122210
2126
90330
111319
101136
44852
82635
96863
119611
24296
7635
4520
57374
84124
8092
82437
111170
91144
120252
9353
69438
111063
24816
122841
53090
77796
96554
118377
79752
23639
39912
18372
103314
75562
5709
58199
1608
27711
20912
40498
98798
87555
98920
32950
55920
99917
69268
70074
93563
119181
98865
117132
72631
92860
15725
69423
85448
120955
65907
25492
84473
2828
30706
73702
90556
51720
24508
64782
7840
86478
18891
76419
31833
85539
88622
65032
72650
44222
86633
16055
102214
15241
92105
70404
84775
115631
44938
6917
44743
27413
26657
103487
52600
61866
98922
36598
102765
23919
116589
87781
103684
106239
11547
15558
46585
75312
28377
63865
17755
19578
32048
73635
72072
49617
97557
68989
102032
46
14288
105501
63735
17183
68193
41088
25196
85453
110806
23571
49247
115223
14631
77561
39951
70461
79045
114840
12614
99605
69536
45174
117421
84565
65251
69561
84440
30043
32057
103058
12384
2170
87307
2346
43342
7526
35551
81749
4958
63194
100491
78649
15370
33098
117658
34760
8684
59104
115427
74603
94520
97932
23588
1130
46525
117825
8298
96475
40623
47884
113396
46942
77876
35264
14682
14324
71205
82176
54839
37104
87382
31816
41301
93955
13971
42436
92453
31540
22240
3280
97965
9987
1839
29117
63488
9283
23462
2119
88309
55629
68846
20738
43753
45936
53600
44101
2042
30772
95499
5595
114196
75448
8577
70037
37757
94538
100394
50515
46440
33785
18977
18691
65303
13047
83033
70717
100877
49895
33801
23790
55736
6154
3333
89444
112887
74658
86634
75632
102651
72780
78556
47832
98099
112536
103712
33403
49990
118420
18019
16428
90229
88832
48922
77642
16115
13790
70176
21561
12465
50467
38292
110895
75016
18010
10287
57534
52550
96080
55956
5236
114707
88054
120783
8651
94319
4420
85509
112586
60553
61040
77373
46155
74573
18986
61992
34619
20644
45113
47050
95799
6526
45039
6127
18684
81911
37059
97964
98316
38299
65871
4328
52425
99741
9363
37809
4411
37088
4864
72522
48134
107383
28669
78930
873
48077
4918
7253
5936
30513
95690
65403
70824
60179
94350
88899
76198
17538
25047
4645
20036
55048
74806
11086
29801
98750
31269
1834
8946
104236
8730
35162
15831
81472
52847
89031
116050
86267
99946
51362
17378
13355
13351
32996
14888
39629
65511
96271
119066
628
117918
39229
23242
87293
77379
83933
63311
76568
92829
13908
102670
94882
53356
19774
103563
97638
17530
85832
84821
99641
17464
33699
33960
38690
120304
69976
50930
75359
58228
8820
101345
11670
47649
26203
74922
93235
4275
19101
113082
61683
60520
46176
119027
68931
89340
18052
28792
104059
110333
81473
20749
50289
31022
106946
104039
590
101015
13708
29516
28349
62602
38436
92178
112430
18489
83779
72235
23898
41013
57435
54416
73315
4115
79807
122
75623
44887
78333
118664
65337
51668
86133
38770
32264
115792
28556
29243
26771
94676
94203
32174
80854
27389
6924
57017
16816
54246
122856
61923
39219
100649
116879
20187
57711
104344
102747
75115
116198
113777
49334
76387
67843
16295
80329
29464
50508
28926
25951
21559
56664
81109
11415
98087
18670
15599
43898
113122
54681
74671
110546
11728
99328
114989
58534
123220
15936
95308
97505
88177
99303
57037
13669
117832
115319
15394
117971
76485
53481
79706
15294
79787
109196
79233
25204
52159
4577
62285
14421
118459
105581
33893
121473
51939
88162
59392
23330
4590
49835
27963
92799
78231
70803
10807
101776
22693
26423
59355
23542
6166
33828
69652
36351
85379
84690
42605
65402
32178
59744
46806
55525
64278
89153
25705
4540
67062
61661
41264
55465
114589
118932
51310
29693
35460
86523
24482
80337
107870
34222
46896
47912
106431
58943
48132
119506
64683
103306
25424
122338
78072
42760
91721
44657
121599
102785
3181
80661
71979
116480
50053
32887
107804
85636
118626
51082
10289
85097
110953
47433
65741
19751
101935
107874
21654
97998
33733
41493
57666
49665
41676
51057
81747
55539
14608
80011
113410
118214
120743
50644
33387
14766
97804
39824
76564
72204
101801
117781
109027
23798
63280
20414
66716
437
97713
14125
20431
52987
91901
68798
87358
79066
122667
13151
47151
105935
30074
111593
31193
70595
82026
38020
90464
85695
75616
68546
80268
51039
102256
50511
46548
21336
76147
12678
54294
406
81206
95957
105635
25107
8646
65081
117084
27052
3227
23076
71373
65608
27476
15658
102906
87457
77290
68499
51634
67268
107164
121199
36604
27684
119902
35552
52088
81971
17522
74133
34219
32420
59096
9398
9621
26139
87642
84609
35368
37671
42892
17022
72547
64872
101380
114719
102418
76179
38773
24045
40496
95029
84061
44319
122839
21687
16552
77069
56852
98596
95203
92619
56885
35207
41144
20338
78338
11178
109094
113478
55616
28423
55984
94138
27249
70653
12149
94463
77296
51501
10173
105515
59592
832
48440
42776
4949
99051
90990
55600
8773
89875
81033
4254
16035
86301
78310
35925
38805
51777
33356
123180
27897
6271
18042
97123
70527
80929
32943
59920
119227
118912
73675
93204
32441
100307
46259
117350
36663
48431
122055
53164
99705
79062
83777
33874
35378
94534
92087
16616
80487
68838
36291
27515
72151
80936
96666
10444
10484
117880
103078
13300
97854
88231
27471
73273
55249
95311
64182
116087
25791
92913
110968
106642
107355
81035
1349
91725
42320
48937
63801
122494
111950
21364
14940
13836
109565
42934
75026
49756
58080
18958
98356
105472
106549
79449
44365
115562
53395
106626
26904
15176
22820
27542
12434
79055
47506
43221
94265
10021
56555
40140
7825
102141
77897
116862
28671
80494
27234
11653
54169
68117
73798
140
63565
37155
100698
46275
121002
114835
39149
77475
21338
101594
12830
96481
88313
7792
23005
2347
92065
22023
45900
38105
77051
63952
72542
86949
122944
58167
60385
8077
39208
15726
102898
5322
62256
59130
63627
50029
26759
1811
63886
33042
28711
21376
97259
56900
98912
101467
44821
113832
27641
122858
101740
15303
108933
8787
93925
15454
49011
53490
175
43569
52762
33561
98574
112438
87903
14955
44090
27875
61318
1615
75141
68569
99903
33188
110610
67635
30223
2424
69187
33471
117059
39838
3987
90941
77694
112728
1977
111600
103900
68460
77707
622
36565
61277
17331
84147
67885
41404
55935
4425
70341
1610
81853
45735
93520
48417
14284
38193
26875
37029
44289
35989
43509
120675
47073
100432
79756
115000
90084
97125
14050
86026
95999
34952
45807
14309
26538
35327
30145
92622
64017
7430
57170
32913
29444
1361
7227
92699
36959
52954
85135
79298
23443
3917
114518
4339
37580
47422
111057
103205
5651
71251
25275
77829
2373
14234
95802
74740
94291
115255
87039
45965
16541
109131
85974
28700
44544
59881
74113
92807
14869
83905
97619
85569
87932
74687
76
96081
77250
66663
107236
41360
53721
39898
31424
80554
49908
50990
56513
105508
89169
29946
27061
57882
113317
14168
99186
47239
82378
122801
107890
14110
92882
36816
98588
61876
91150
87201
73399
88684
104317
107330
84429
6573
57432
101464
43297
17845
85972
111144
51380
10862
17081
61222
27989
74706
16618
116264
23591
74704
65732
27977
1050
119031
109792
97954
107746
21987
115470
89026
90659
90818
110328
121642
101591
13267
59761
7232
20459
60973
115018
74513
82221
111869
93784
71062
19694
102508
26254
120894
53996
119169
102845
61408
51482
73476
52392
103137
41290
107293
17855
55299
20447
16711
68972
56963
66342
119939
32291
58335
100465
59818
111752
65485
9538
90283
15719
101971
102345
19555
44513
102149
87626
91126
35330
79465
41227
87087
54441
87885
74035
8015
58451
89630
56592
35679
102647
24555
51845
85615
50655
60083
53401
88824
38433
95071
138
47366
22826
7668
117999
43777
66348
53030
64733
61118
52026
121757
59284
28560
98065
79816
3399
121997
35783
88310
79518
53341
122996
30370
109537
53853
69002
7113
101757
7063
17577
91865
94099
63342
27051
94858
26962
81934
96965
27690
30393
27056
111729
53464
109663
80583
101325
104863
100057
72086
55134
72499
89880
66753
79686
17094
87248
112153
14062
3795
118997
113367
121224
47731
76169
16038
112205
97310
82194
87647
42335
33814
68904
96161
95225
33812
44827
14202
59687
70144
104631
82966
64604
49101
5300
52524
32542
23436
21545
21175
67504
48215
27672
73150
54440
37572
101555
60760
22062
2140
45468
114440
12039
23781
79021
89244
57961
54983
80271
115983
36906
57178
109357
101007
94130
69766
54502
85471
105593
115011
17028
115953
40441
44297
61972
61346
92973
99504
46489
22661
94965
110208
110682
5349
80669
78826
62542
31411
67646
79696
22082
118826
76470
73586
17241
61212
100028
89539
95505
72741
37036
42898
55047
90998
84342
101073
80760
102790
82792
86487
12621
114088
18113
18768
100922
79001
97852
98399
96648
34295
34975
7723
45842
17668
80703
29
7237
95206
102461
97019
13446
21105
38452
37229
43656
69380
52227
115447
36243
97971
25134
22275
113004
23467
70285
116710
16482
86737
97436
121718
97029
39716
81116
92400
106793
33477
68469
16764
115411
2585
116431
50108
40982
112550
77592
112128
79836
109648
45201
101161
70282
99709
23862
86825
91619
53734
34483
75095
23008
69751
7377
18465
79162
62299
51923
7836
32850
114788
16433
42312
83301
70860
41316
92235
87751
10715
90460
55933
51432
101404
32754
86821
26367
68375
104597
105340
30154
104938
16804
34837
76482
79511
2502
110813
79629
121043
99780
99069
58708
1664
73631
8700
29229
29288
122138
19850
117316
51283
13771
63746
54722
42012
94549
117314
106200
15235
89855
19505
70495
78794
20257
17996
17889
87062
25154
66769
101256
87434
109882
21618
107902
48869
86463
54207
113670
59044
44920
101500
61625
44892
20671
43708
12882
11991
3930
27799
25089
40681
44332
89811
63572
107109
74664
35864
101342
114844
4572
83474
21386
115877
24326
121584
64685
88583
10357
8432
34653
102965
24427
43856
119172
110410
51467
88791
61790
113470
22910
494
43961
4103
33970
69299
87049
65730
49601
30740
47616
35570
33664
88019
32453
117207
115794
102718
108276
82989
28613
23620
96797
88852
58680
85048
60802
46766
17336
42643
81447
86610
113517
105116
79801
6203
59617
47203
39807
105088
119279
121275
94687
117807
12298
74973
13384
72106
105918
5959
23767
46737
17115
54087
121983
81838
77702
15919
105263
110170
75511
109467
65065
9403
38708
87734
86733
2891
52535
68055
71243
100543
31611
73612
3058
83543
115359
42880
71128
105905
74770
80907
69475
109645
98474
22508
71235
66527
113875
43546
107515
52259
100670
8592
31469
39027
26169
72520
6584
103907
71381
18257
51256
28104
46950
90031
16631
65615
87350
51221
99995
87831
77123
55298
44129
121564
89155
103090
18948
14684
49668
71736
75981
68305
50115
16336
32009
1064
37715
48275
117003
66417
115806
122052
60516
30141
45099
12246
73796
53657
27010
108552
44050
121435
9802
105167
44733
80395
34021
8656
42387
63295
118155
45796
91175
7478
60823
37529
36359
21155
86573
93499
91768
36785
24888
