10513
58726
22993
82813
12838
67176
97722
13019
34328
4564
32226
51281
35733
92691
73114
320
100790
8066
27756
96197
97845
48338
24021
8690
69516
120221
118310
116656
54258
38702
122889
19585
23859
28796
117831
94705
102408
1
23717
21607
13524
7021
75739
92472
24759
63418
39957
57970
66371
100495
33100
113355
11223
92863
70857
69179
52901
6967
93028
29351
101978
10734
46185
93684
101305
86736
89034
97706
1651
93507
18517
1787
14733
54054
20174
111054
122335
91686
64498
32177
30185
40443
63727
5320
118844
103465
76290
9070
44851
92159
123174
55589
72081
36425
121920
56233
92816
60273
76768
27893
39747
57280
66280
73860
58379
56767
17689
10148
9569
73026
90792
69799
68161
92245
4058
47987
22589
6148
116317
23231
7035
33852
43197
8735
71636
118227
4607
57392
75156
10772
31358
31461
101284
65881
4152
97652
70941
17533
119679
32687
115488
25484
108781
47998
87680
68085
108083
112936
38294
112258
53297
39243
94031
7711
63676
44605
67650
101429
44625
2382
32206
76155
39150
58011
46662
110074
42234
49609
120492
78021
61622
122676
32759
99334
711
39179
83527
111858
106433
59967
74677
15031
119785
30450
70208
80613
44671
20337
78165
68400
107306
104751
41814
8156
84704
10743
28824
28691
46959
55845
14839
77794
15878
45806
104528
90248
82389
61147
63140
118026
115856
70148
67359
75795
73862
103520
6056
13882
47691
120987
52365
47298
54205
26179
25931
80370
6824
114891
19800
107452
89037
36728
60005
43803
55684
27581
48146
93713
101718
42156
7919
89973
86154
15991
53466
22934
122051
40628
81071
20387
6363
106477
98799
8280
89429
113684
81743
19242
111007
7773
96247
43070
121327
53570
82666
108815
78469
84957
13572
68588
123099
75667
121343
22585
43565
1090
42750
16264
84847
79683
58660
35318
19735
97809
54467
96163
74981
15891
24376
62335
110589
74345
87859
25144
104714
95139
48472
59088
29025
67288
99293
111454
106605
56666
41474
65476
120376
39853
41219
87792
67324
98256
93987
106839
32699
84475
86201
1045
68102
93689
39104
43921
90806
63309
63859
5240
27832
88123
16818
83503
92482
9586
45106
17409
112351
68349
25915
67417
86566
9301
105139
109884
84791
101242
86359
97546
52905
74966
48667
107521
111147
89032
32439
70376
99345
30255
118544
61673
94062
12681
39701
49991
36866
75546
1524
63108
116261
34815
76898
105161
92544
22549
113075
33376
68264
4632
83637
47585
59766
22183
87796
43932
48216
14569
10214
8813
16745
97923
109029
71401
99102
14462
37726
99511
28763
17584
21034
53213
96934
70772
41681
67261
10925
10847
109
32886
52199
65748
80021
54286
21969
71282
68940
44280
52080
1138
89774
26895
110092
1535
38933
37896
114690
86127
122356
73775
105957
45139
21739
31758
48477
9433
19387
103175
123412
18359
24761
88780
93294
112245
96650
117313
84658
12180
27145
34307
25481
40128
26133
35525
102696
105925
71276
1923
112478
67556
38300
63392
26731
88086
57235
104558
12269
71155
55375
90103
20960
34722
33416
111457
111108
13257
93845
52477
110744
81301
99758
90375
50382
93722
85565
97751
109356
123416
90054
113036
109175
27093
48192
55667
52465
45199
58255
59824
20218
25405
104991
115472
5089
22806
83851
18657
117634
45365
99331
61283
13304
25027
112240
119094
41866
40606
7673
18726
104225
93222
9466
41998
77536
78830
118463
69914
103386
53716
64581
10465
32278
55566
68299
116393
9223
104167
108652
21512
48898
63839
48368
35469
37493
7160
20090
53007
70767
5519
70936
32269
95426
30941
313
87860
84610
47811
8593
75305
23478
92493
49952
72719
29302
50085
37309
87777
6926
54202
15985
13412
86337
20735
3389
90163
48874
75499
38228
85617
20493
4699
30467
20527
62339
64868
14758
36375
33895
31094
52214
20663
13070
14249
73988
58393
34749
104512
117643
77116
50649
75466
91861
92391
92161
90710
18060
18280
64771
73896
62319
61712
88051
110576
32154
7213
92631
113089
90542
102486
52192
98777
105352
98351
3418
98972
71618
39006
114172
54144
120266
22751
83093
18402
92056
115855
90752
100438
62577
83318
14564
47484
121348
80756
6581
98745
343
76929
113331
16811
96332
78052
72560
11781
83906
37766
21225
38114
48109
110911
58588
6119
1627
75059
85140
74570
21355
89022
64577
80670
51827
31292
79525
114187
71694
24365
78294
29936
63619
65911
10981
43366
89089
97717
33255
64308
80976
115664
123229
76277
18562
31714
95676
73080
22565
19588
45336
29240
23829
64036
122922
57423
68738
108537
28004
85495
97586
34237
16532
77991
121551
73789
85869
49971
117858
17941
110585
30400
113615
22725
84353
55145
25562
35689
103772
120568
14066
1703
20169
67106
60161
37507
86886
34160
26844
250
14847
120931
122844
32325
39525
69421
66332
89556
36177
102802
13252
78757
104177
13328
91571
122062
82450
3311
18441
91485
120747
7603
122543
20631
89100
43177
51398
73926
40026
65396
72349
12865
7501
54019
2302
12011
15874
103495
92432
101828
65568
29777
1846
5175
65350
46325
44804
48594
15611
28276
25222
52622
55575
56886
72602
112790
2883
108107
78131
87760
91820
63121
65272
111584
60102
120909
78404
14508
72523
27605
26617
115918
10435
60299
3652
53531
36695
38205
10266
22538
66735
77954
19732
88995
87065
106342
8101
101114
71987
11225
216
120005
71737
89503
32355
105742
54664
60367
110539
11897
57514
36681
51667
45544
70632
31699
114716
49573
23173
93534
8248
49364
16975
108497
86277
20509
9333
83389
75110
86645
122410
39860
83870
46433
13090
38054
46236
52435
62444
2191
31207
47590
53443
74797
22901
101658
74500
92934
113283
69214
72844
120967
2273
50153
51264
106634
34603
112658
84931
63803
66104
109812
9264
60066
113215
23165
86929
24315
95742
10877
108880
93164
87527
56334
61799
37971
24918
21575
82964
19220
39768
26385
89895
91824
37720
121464
52567
123021
81710
64085
28209
25541
465
33560
52758
25811
67319
231
78977
103574
87234
103870
102086
11147
68947
47748
92776
32994
44111
12161
106
103997
75900
48543
100073
95053
17527
29502
60971
46720
48774
97429
118244
15274
36800
18050
48301
66069
53091
107984
44265
89111
129
120581
48180
41870
27795
60420
35705
88529
29512
17677
87195
62958
116936
1869
75089
42681
98531
24617
82709
26243
35832
36153
95713
93198
48292
14416
42264
79693
90251
35139
2862
81435
97497
81620
39764
56035
66588
49442
19198
77953
119908
15356
56669
61442
107673
65728
57944
81489
47467
4657
3956
96745
73020
54568
75219
78159
116677
119663
60958
63059
108161
107548
79528
106447
2214
15058
117787
26587
24760
113010
63697
81654
70737
58126
41594
57001
36420
29666
68218
122341
47958
75330
39835
52800
8863
56495
74866
51187
121334
71493
70780
79744
13841
45397
37196
91927
87006
24985
66875
54173
102704
6832
29176
6538
113278
2768
98704
74667
47042
3679
13870
116590
3821
3946
96222
116680
80105
119829
104383
18204
106641
48343
31338
108334
98800
81663
81626
101543
86072
77827
22268
84546
57874
65333
46969
68296
112676
110886
80492
26260
108461
97143
92891
55810
43487
39176
28675
1364
183
106288
2724
63723
47233
8338
20152
113696
22190
85438
16808
115784
53588
112842
30263
69531
113716
75609
80007
76079
14240
100839
53303
3964
105199
83694
26883
32510
101367
4597
44015
61894
118782
78827
110888
33289
95568
114756
115733
73200
116800
46941
45441
42054
81564
12363
9260
79970
24110
28442
73000
103706
31075
100662
8215
51420
713
120048
14842
41507
32106
110709
67634
98931
108256
33311
68125
96069
97309
103967
34945
113579
107678
30031
35449
69394
104025
21059
95468
375
46263
26747
6044
86065
47355
43649
41313
59905
119114
41032
119866
21855
54518
7597
73081
19454
116674
118699
27100
103406
14025
45536
38815
55219
22685
918
63497
63840
60212
122985
89383
114979
51131
21548
46860
21142
69311
16367
24499
92315
108659
28902
18862
109077
104880
122250
76925
41972
63301
37714
48403
96021
116831
21003
26499
82958
96542
14364
29409
27706
25347
107301
28789
2272
59792
35150
88388
54295
25207
30646
106497
79419
100178
62067
57310
94617
87938
99203
56574
68606
91138
101523
50215
1397
71441
53039
14709
50470
94159
57867
7669
109156
59752
70448
64799
10008
97829
9122
36109
19566
45575
67694
17718
58213
117841
10054
21893
103298
86871
60649
26906
112435
71382
70798
94952
14748
105337
18119
51831
94600
16924
69770
89865
121208
115097
71103
790
38074
10669
49613
13415
70236
112775
83517
110331
116333
44945
94844
50160
97940
117607
73952
27240
28981
79795
83887
19802
66303
25997
113110
92439
28819
102583
51787
51227
13491
118830
104332
92301
95299
47369
42715
56586
39888
10907
93142
122883
14407
56595
90429
109523
96707
50291
115646
7604
39001
92840
114808
36496
56948
104607
5430
27161
65207
70089
22034
118305
58169
25216
64146
30244
119888
90473
30896
110220
118938
58026
10007
23403
118161
21076
62586
43800
46074
118034
73246
11953
33627
91391
48235
40110
116623
60633
98599
104928
17003
45741
71843
25733
94351
82014
36847
109216
36805
85006
80617
77534
82929
115100
65819
78984
53146
12610
19370
101498
97781
7067
83343
77879
123430
115009
18277
29698
20929
113679
78767
74850
19993
4400
114779
72258
106017
37153
185
67817
89983
77005
86550
63989
49874
21865
13031
77070
107178
24055
67435
90803
6901
107693
43178
100083
36753
52016
62953
1677
68024
43014
64459
75749
14230
17292
39778
60570
41842
2775
100366
108977
74269
15770
2697
117431
11879
47567
7088
108005
123124
79738
16937
110434
26001
15353
61908
98538
62468
103998
48391
105488
82198
52163
91282
58514
24500
46392
49469
26083
40564
36116
68564
19177
5665
55342
4848
38743
105743
44713
2963
1210
73657
86973
33309
43923
68887
29032
66287
73320
40366
2821
65118
92855
119399
83707
62204
4126
14816
1913
117354
99433
46454
94266
98602
107823
111928
12695
97210
81002
43658
6295
45022
17226
5802
119593
4005
107195
68892
98198
92010
33453
11136
73094
20436
57673
121613
27283
46960
114165
85580
43910
39035
50231
65309
43780
105684
114247
110564
40444
79416
49284
53669
73788
82961
109823
45228
4000
16281
67819
27492
78114
52050
99855
70661
70071
35863
37244
20768
105563
83331
123328
6680
37704
43533
51358
41887
60092
12123
109332
104410
66070
72391
376
114074
95629
48398
30865
33160
26593
114390
30149
74316
19226
35380
70417
13544
109664
81351
4651
15872
19878
54696
59860
35024
97987
103989
8897
95902
31069
72648
112637
34416
96428
69404
58407
58691
105551
86103
67792
71179
6496
14593
42514
41116
100291
52386
46679
7206
110967
98051
69762
25665
49927
33768
94460
14215
10373
6291
810
9253
32128
28432
31813
121618
114923
25192
74962
68485
40495
71616
18259
63701
67606
115123
14870
112534
64099
87375
120666
108416
78764
52667
27510
27697
40239
52801
28716
98506
29493
76704
76961
92682
104206
45339
108574
96626
29760
42806
97127
56619
99502
108034
99240
97219
90536
35715
102367
9238
15518
43869
99642
75732
119513
73084
98767
31804
15800
19258
56877
97693
10691
98814
67211
26383
115785
101923
90199
9194
89739
19341
57390
15885
25118
112482
17177
53621
79861
43839
95754
92707
51289
46445
10774
82551
73275
66483
95041
92175
53973
106686
86798
34980
112926
73633
31685
26581
80111
66881
70062
36096
92312
75035
24130
46790
69871
11695
3047
57206
94759
49447
30503
27997
11735
44188
562
38358
65908
123133
122104
112664
31922
91268
85021
25601
59148
69851
11615
82902
82592
11512
43588
30483
12970
91017
109284
82996
50112
86748
58013
9078
71478
4205
79238
14772
45056
46360
28081
18078
46182
71840
111465
61066
47724
18178
56298
75634
122164
99728
37072
39954
81145
114419
68873
94091
107962
64847
68442
41346
18945
24123
67252
45378
571
100267
13628
122774
99034
36634
100081
103842
31106
23760
15906
3699
89466
116305
45541
17268
88066
56976
3387
96201
115224
17795
33445
5396
61891
14384
17330
63743
109278
96486
42654
14258
61724
13921
19510
61038
54534
54195
41353
116398
54375
96445
89179
48749
115870
96325
1838
26898
39029
91295
112812
119275
78716
41457
121391
89485
67413
30465
41696
108187
83780
26938
84540
13769
11764
19869
6973
80161
19431
35361
38360
98119
43017
48
68075
45712
96212
81011
822
89775
45408
92789
46660
5102
11771
12159
86585
61344
115661
52270
82359
50119
71711
49339
6280
77666
96662
121063
65702
3359
39387
63149
50026
66653
50920
91705
82746
102229
53990
74118
101245
91349
119995
103887
5739
57904
98455
18615
110514
66464
30441
100115
96895
97801
88980
39910
31631
83365
107137
104610
25132
109316
80034
96215
41881
76506
86052
53596
96925
78612
13761
106659
53797
72730
66112
15239
94685
82351
45618
110241
12052
25465
115036
69732
49405
112244
81889
41125
23450
60056
12972
1866
110790
93208
37299
60453
102017
121461
28540
30849
103027
42437
62654
31622
9026
13806
118376
1443
58000
85500
36212
41548
74757
37240
103433
112950
80505
38917
116549
74154
57282
118168
39526
16580
58383
27704
7515
63422
121719
85899
74559
72557
21191
97913
82070
82236
97167
18356
69082
64576
40990
50689
69756
66574
110367
81173
122428
98499
43279
55181
2656
117484
98887
57649
93756
59035
67938
100775
25322
104209
102760
59109
88932
54487
28802
56352
85999
63278
17284
107001
43610
48625
110128
39654
66290
93973
50149
109827
61657
36961
118946
50696
8645
22810
114129
91260
4351
22534
46868
115897
120934
31261
76314
75051
21028
31027
50402
19060
23232
116213
94828
120451
8980
38411
119942
33162
25604
40883
8552
74983
42682
41308
102634
942
60949
31464
67632
44611
37545
119582
77147
91703
19516
115165
16813
60444
69970
51006
118131
49831
87819
54844
16814
58700
11899
6851
116516
40131
84238
77833
99419
100779
105241
36358
32504
114936
14972
106325
74029
41810
8471
30581
12691
123090
24284
51779
86495
48359
50106
71285
85579
31785
71290
43895
83232
105163
50842
30315
49039
67002
32740
33395
101497
65236
115739
34943
10002
64348
107121
7857
22631
114569
113332
97498
103844
943
95891
80963
87258
109978
83147
25318
14705
121641
31821
122606
37090
78676
122170
56992
43168
3454
53226
102690
52067
29761
40123
70344
116924
25000
79499
70934
3598
695
38927
122972
22186
62606
14995
19332
92083
94168
6717
59938
6400
30654
16418
98969
117037
85324
57050
48624
98875
34806
113617
83467
115337
23762
32123
119631
62341
35234
110089
24198
107289
94691
96210
14182
92906
40955
14563
63563
72290
60348
95291
90577
119716
31431
110676
1255
77865
17598
11358
11610
96808
30382
98175
68704
45488
8718
68463
22213
32372
89119
97191
115118
42483
80235
38642
121342
120404
45886
5547
94614
33940
95480
6061
78464
104823
87171
111634
34093
122449
53137
2760
54927
110408
116116
73042
40683
4234
72606
44832
92394
71026
50058
79965
116833
37391
43644
71652
57481
45271
68669
82990
31607
117413
91481
118812
19373
93725
99868
13678
14399
18248
91723
22367
46668
16196
3654
74246
10476
36168
75961
65302
101257
122565
38764
35877
44213
19252
63924
107667
56169
30928
65286
66610
12119
80602
40217
86935
42904
28835
115080
105919
211
89378
101811
32960
23980
82411
109542
53972
87910
83251
76974
62527
83718
51628
102980
93727
15913
80259
27728
79455
5829
15580
96334
14903
50711
84053
3136
19299
29055
65222
123335
67850
78442
34402
13142
48795
122437
70069
80147
118262
11753
28527
68667
56803
82725
120155
53352
13205
69750
22841
114948
13749
74843
16575
86097
3293
93573
98526
89060
87862
91811
96022
1623
22517
71799
121702
11064
56719
122303
69618
15237
33253
50306
74945
68520
80263
107974
120519
71617
59123
114618
120688
24660
98169
81980
107745
88943
54717
104793
88018
88293
106650
110194
5710
57230
120577
105876
74124
117600
84107
90069
74714
91283
32772
97165
104743
44785
45273
83981
74396
80558
48892
84799
105362
100565
259
38322
54589
6235
49348
1475
88716
48229
96373
10957
32790
113902
55363
99471
62308
112495
454
121352
40413
22363
84227
119916
116276
73899
104876
107865
24890
81387
73390
116530
54292
112875
121296
95392
59158
61973
118215
31254
12130
34302
92009
72172
37275
50562
7945
88367
117965
120138
115087
99289
27272
63558
77766
66317
84344
101426
110701
58218
46782
74948
20538
66613
105265
5138
26413
21663
37108
36415
14417
102562
77164
11774
92040
1848
91787
27326
119258
99830
11316
10705
86932
56314
52549
29088
29784
116141
50788
61016
80407
41875
102676
40004
19309
31943
79834
103466
44802
99935
120461
115566
62479
117717
45795
56683
38397
5059
95339
3318
118578
32948
77733
47054
98021
48213
16179
109133
17017
100734
113023
50622
101435
95280
49948
33892
102400
37601
13962
43367
27220
85715
50525
32280
116178
96784
4028
114184
25770
76838
5261
92785
102104
26120
21326
66635
13714
91552
51266
25432
119921
51248
87387
82516
91463
74199
87383
121350
80754
61627
1686
99595
25421
76211
46865
79633
43926
84903
3372
96388
29216
19218
10871
16501
49418
58893
30105
118264
66697
102242
9552
10810
71158
118919
73328
51434
85624
13087
10150
10459
58630
50304
52084
20576
63994
58129
96572
8244
37538
87398
49937
106942
57255
92186
15802
118964
47207
54339
118175
47415
9076
6134
121574
103871
92510
41546
62531
17975
94146
47461
89645
48263
46620
2062
89669
15099
52497
100051
112646
35291
55344
57408
69865
45997
41397
9667
72641
62280
79028
86777
90072
31514
110160
74435
107105
20588
36702
99438
118829
77547
67403
71749
65499
114754
17812
52992
66695
9853
70279
49367
96792
119993
9242
82140
90724
83768
68002
73924
60024
32068
54395
36251
14865
32952
115058
36537
10523
15992
34087
78652
105803
21938
46878
2689
104333
113442
101777
21426
32002
8723
2030
46591
11794
28473
123190
118535
92207
98485
32419
79871
25458
66310
26501
75092
12666
45073
113042
30296
51190
92879
101795
98953
49898
74937
5083
73828
110523
96368
100888
43850
100829
78991
52359
19132
61588
29954
46629
75703
25001
98653
10292
2123
60952
77151
102943
56128
27074
71928
97520
86908
22209
86276
65374
42958
69849
83116
107989
8032
103375
4315
6936
115361
95839
29646
63134
52843
72601
75875
57137
48988
59356
91080
105484
85233
16941
84922
90075
104152
7458
22602
96706
122493
3498
115552
669
25842
59966
58275
113904
10641
119971
6819
58597
116685
121422
31546
48703
114011
92588
33737
20419
68771
6221
394
59279
83596
115328
79782
43506
122401
21825
94201
91001
54369
119751
99077
90240
86356
45222
77503
71723
96774
82818
107142
2300
38270
121919
12263
83860
112726
18265
52248
107861
4279
53279
69010
22904
117529
114660
289
101780
108480
43760
117180
30798
28746
103649
45877
90539
114302
41884
108278
102939
66150
59794
39791
93646
16842
50480
101374
18313
107536
96307
118976
93721
17297
121084
64261
47317
90755
60830
7964
99457
2875
80135
71466
21307
45758
112166
1324
51973
13463
116110
97515
117089
10342
88619
62303
54971
39849
16087
27516
23860
50341
57788
49867
4797
77016
38140
29261
47588
65869
96147
27454
2185
21310
24328
78748
6018
79456
62522
28499
7931
28987
87924
112088
4724
79598
87805
51106
88196
77947
81317
6643
97673
54165
33977
19411
72827
17517
70893
24496
101396
51445
36364
117804
41499
69610
106454
35493
41646
91569
31790
49429
25950
88742
97633
12985
30933
88387
122626
72750
39268
85885
94978
121393
30222
10898
113114
68472
109153
57188
70430
26320
84944
23027
26754
117473
26626
28192
120343
10290
71143
28558
91640
34441
110079
22263
101323
79700
94522
88143
25623
6050
26892
98073
55694
76030
26098
21585
63385
106582
4349
106564
33487
874
122788
60695
14784
6616
81553
93230
2393
102504
29703
26511
111697
72211
65043
23423
72508
51994
80334
66368
47872
95359
99362
66255
30886
29653
91631
94006
13799
99358
65659
5915
108625
26924
787
69963
81629
19424
86518
43142
20926
84570
86830
100489
40157
85641
33592
86242
65913
121644
41022
102499
121178
49975
76800
111488
19094
45881
101930
60186
29428
72468
108566
108140
7027
49547
9705
30118
18900
29379
38185
85625
60063
14069
35529
53508
109493
76448
16551
37222
56712
75455
116883
21125
25501
23096
80999
28075
72917
1824
119130
92714
113776
6657
36950
118455
103210
63641
22870
7774
27200
50421
113538
110150
115625
94052
69123
91164
78761
76156
82335
86943
3783
2803
41503
110700
35122
35027
83683
110891
89403
37771
60365
44707
113282
117158
90978
101529
98035
29452
66220
87253
85274
38843
29517
59866
15457
77767
933
119366
28717
4195
1501
112743
116244
73327
35267
2541
76048
109377
97727
112175
111978
13798
20336
62829
54053
107692
100246
50713
24892
94448
121935
118748
15019
80859
84770
5306
109101
69391
22997
109641
49453
60991
72893
21045
12043
103138
73088
663
41131
57675
35528
21057
37076
86353
75945
101081
60112
118513
75998
56642
3020
54357
120109
20109
61971
110104
28357
21944
117911
20903
53918
68032
62611
20324
81269
105828
104704
17562
70382
51009
108268
88366
55056
101604
51680
10972
49077
49355
38602
6243
29689
11974
68007
120920
7050
66905
14285
66145
122662
85697
110723
116535
43947
109868
78664
121384
98225
7423
85508
105375
58156
101951
41977
11533
7491
27760
81113
98835
69444
43888
17542
61216
98559
96107
113565
29499
42231
41390
116388
76293
108608
51847
21830
52216
109738
10408
64266
80793
57290
121368
63395
115902
24459
1407
61892
8171
37186
74210
25608
94967
32828
87567
6774
2787
13179
95281
105390
84327
74818
38190
71866
62234
117079
57154
60700
92484
84019
54916
60485
108323
100308
57490
57049
26987
66077
86923
80368
21706
15162
41582
34175
65811
73459
109403
33741
38591
73881
38816
81060
118154
74074
91389
73044
29792
108722
20116
84130
121510
94056
18739
99721
3841
23480
100157
111778
88267
109369
23082
12786
27959
53712
109954
48615
10986
49649
95455
57840
88320
22698
24051
102092
119197
45
100697
44650
67260
80823
44982
11295
50084
10146
48014
18715
104658
110298
87691
46624
57703
6765
47350
79785
29837
29593
92070
38796
88773
95817
106966
87918
68250
49587
85941
122381
52017
39786
47770
45884
39523
30410
35648
64941
122259
40234
77272
120813
55551
72931
12088
121528
100112
79878
90076
77834
83034
92457
86272
65021
115997
73432
14342
69867
73809
107551
44470
108001
23059
78162
77231
61381
64502
92077
104302
81841
60093
31847
95602
119165
49747
57832
11546
18851
11924
85506
98258
30082
19757
48460
38856
4163
117259
118475
32333
81297
30792
50654
33448
20450
44116
8963
75855
96635
60616
32807
60240
43861
36904
95052
59260
18899
47325
81457
36520
91818
123411
37407
99960
89342
67003
20863
10974
101796
63145
58560
118078
110716
26795
11206
14770
65240
39280
14111
41149
81722
72346
7327
6627
109580
117135
113207
7570
119764
110278
105429
64535
70230
51189
25557
103554
7003
17519
31679
63284
97753
37401
68714
92705
23387
37374
103040
44180
21222
3294
101437
103676
104901
11743
62873
12310
13435
49854
95118
95921
5929
86331
5067
95765
47100
111712
11554
67146
103662
97251
42891
120292
58511
117272
116069
14476
4753
57983
76124
90177
97361
30788
62344
89533
103619
75370
9256
5520
54909
88484
101132
111224
18190
64282
41453
75996
80466
77488
16092
34519
10885
8222
42549
13986
69464
100177
45411
22120
93064
47118
117091
42975
18712
81609
83903
67489
42693
81167
2615
31156
106597
72867
109628
110642
47908
34515
72669
20239
123072
51940
9795
85552
14723
4093
92660
36677
37005
62277
120834
91388
119018
65477
93754
73818
63733
41408
2763
47447
61634
93675
48412
104041
37133
40041
79615
105381
75626
101124
30274
35444
8431
111446
90708
78301
61292
48716
9903
79516
11433
547
106754
60487
6417
108439
79077
21016
99075
115480
77858
6006
34043
56504
25199
4626
78385
48363
96819
25327
106541
26387
105781
76333
94082
76349
101552
115046
18663
102657
111162
41860
4860
51670
97459
117791
93143
26177
83891
61367
21241
2092
94013
93443
51789
111805
81536
4155
16013
24615
98205
87046
109950
60798
70123
8596
101944
9155
50833
70721
97166
92149
116174
91538
86040
82959
51065
86289
36138
100880
65409
27435
90490
65345
89792
20190
109885
52975
53234
42915
42128
75856
56600
63748
56907
62310
24971
44372
80630
28951
80648
18180
64471
7185
36896
73147
96989
49127
16902
920
57570
107597
84028
18344
7952
62216
76865
3154
85188
108403
14660
10704
15583
33897
92955
95404
97235
45080
77672
31562
4014
97155
63398
1041
2734
70049
107504
52333
73372
75701
40463
49398
57826
84792
27923
66256
46791
76653
25070
99766
38534
76095
2476
12631
63858
9955
101032
52148
87015
106083
9669
91220
24421
42101
111610
72968
43005
39113
78522
108956
112029
102299
113399
104285
77333
2822
85148
94516
26342
117697
104780
66014
110171
554
67858
119545
17092
32310
1019
47411
23178
68712
16132
107996
86551
11819
40928
59530
34319
43294
60389
84668
20317
97826
1851
45848
38400
39725
43425
109933
63388
25212
90148
40587
35885
47624
38231
37718
14007
87280
106048
45707
20127
98673
56612
83800
13978
92165
85123
78538
114252
71145
17155
23259
84118
114630
114374
19137
107035
72099
103068
1525
34777
16478
111724
40979
1229
117016
93387
38296
79205
79751
48700
114447
123408
79911
106176
47866
7094
48160
81353
56215
103874
35359
121963
92582
122418
60002
40367
66258
86893
36742
36579
73999
83334
74420
108800
1692
9683
112185
22167
75048
84357
118681
72395
88214
74589
106347
108213
1870
38355
4106
77942
85896
80188
43628
1319
121111
109190
74855
2297
40797
56851
107175
81412
40875
77815
45542
1635
83864
60686
32054
20277
789
114624
64649
19270
105805
81346
120792
15333
108148
50543
80765
31007
30127
73859
38494
54644
82938
99108
58638
38705
62093
29487
102241
94606
106824
78976
64031
112035
66155
4727
116517
48017
77317
54297
117623
51733
114984
37798
123376
106708
43023
42633
44059
63172
97668
66525
61911
25651
106657
24943
111536
70227
45303
42874
12617
3839
48549
60786
97975
114471
100920
91058
111792
108839
42425
61981
6974
60322
92626
70415
73537
40871
56694
64570
69025
89647
51666
19972
24209
48881
64854
9849
86244
63096
14596
91124
86161
108830
118253
111961
73257
101875
27722
116534
58428
36506
97268
105813
100140
71341
96409
57888
62179
46014
6035
84059
20348
18382
86273
95822
43547
21126
55911
36905
11811
80642
79412
39532
31154
23343
97273
89755
119075
75588
103148
33694
24250
49780
41996
108476
53295
54475
22199
91405
108575
98561
118093
33738
45580
64804
104363
83993
47733
103076
11538
25646
84625
2681
15714
16772
13924
42402
108490
114220
90230
37286
19617
12563
113571
42141
22688
71438
61096
53421
99782
88866
104243
82509
39002
73550
52677
29097
31251
6469
35098
101933
55417
84131
15869
27555
37144
39793
99510
69975
94672
53227
40317
15482
5076
59917
20304
47212
121441
12335
19609
48355
15828
106109
71427
116533
92678
95652
81235
92223
36764
61920
103927
104514
98345
57985
77685
26627
59013
7929
34928
55995
61771
22721
25779
71252
106991
6706
87465
7775
84662
78340
108536
79160
122769
98940
27266
99687
37447
73475
58073
85996
118590
79651
62870
61489
111925
101517
99749
100283
101358
97606
58673
95650
11372
40705
120896
47353
82367
98221
48349
29222
67649
2141
91225
116275
34497
106611
118882
74835
15762
82302
96287
56784
99472
77170
60434
27759
116513
3386
5248
104984
74233
29627
42301
72788
26529
31278
82514
84110
21071
39714
29569
60679
119121
72646
52577
57559
27472
57322
69051
23190
46840
9092
18051
70769
69886
27119
102106
24539
57329
46537
113227
67828
31744
42679
14807
91029
75116
92427
47719
17869
39958
122080
14160
10228
49019
79975
62477
22442
69964
4131
90840
35605
73479
32656
99388
70650
115398
34887
105328
93105
105862
106992
38091
104679
14591
81624
107154
3789
44125
114495
951
24969
31754
101331
115888
21026
21209
97723
24068
61115
100534
107447
108876
106867
105202
71134
42906
11244
82750
97440
56770
9017
24851
28775
3675
85754
98853
51123
2933
94788
57752
115325
29810
40640
3279
4130
102549
38044
105155
40977
113741
69685
24157
73058
33418
74039
459
66089
67308
35537
20234
19699
48970
11898
40003
117291
66861
68848
613
36248
65534
34513
48722
42805
46542
73655
65355
31878
65434
16957
10728
117285
98765
75584
77388
8385
14614
119313
11963
26594
30773
19375
45213
30597
81215
54356
91427
22789
5752
44924
24865
76176
47457
17739
66205
47491
43576
113789
21847
91718
30794
29663
63546
113674
108284
81485
82410
80650
109353
4670
2832
77964
73128
32782
29094
88448
123303
20008
30232
2200
117709
92989
36858
37157
118692
116942
119381
108934
96590
68452
1858
32516
79096
67100
12700
119419
109549
8316
21926
72366
83440
79610
79145
38103
117522
40469
120091
72691
63586
8033
83664
62016
40071
56984
25245
63575
85728
24283
71728
13273
33725
76550
38657
90506
15664
71440
109244
6579
106351
24254
35013
4507
112397
63426
97242
33362
76750
79929
79962
38464
53770
106364
112675
110898
70502
114865
110285
15978
48978
55280
8308
69811
62153
101595
54953
88898
110141
89047
102674
20890
38029
56388
115292
93
7984
95573
69148
64529
35116
40084
77906
18653
17681
58410
90727
99171
15061
44752
105145
31401
49163
30358
87122
25271
38298
52748
60469
109544
16361
69122
100130
92287
93438
84351
8540
16910
82620
111349
73512
46768
52846
56106
18157
99927
71545
77804
119011
19870
123075
109840
88840
115521
118176
94566
31413
30346
71885
113605
74755
69397
90871
63592
28977
41186
96244
78548
55211
53794
50999
90060
2419
52269
117738
113876
40499
34966
103219
60554
85592
65172
39748
56737
106926
21887
25023
123227
123043
68227
54779
92927
69789
57036
12515
52027
19151
52867
17447
85387
11883
35704
105536
19932
35185
101830
29636
74430
12934
45138
17839
101807
18934
84736
28779
58174
64846
39239
27245
42977
69705
104456
70424
13317
73547
14454
12750
49202
85856
83814
8129
44110
122689
47842
36264
25478
38240
81729
78023
1301
123240
14621
12427
2172
20476
118640
51005
67275
20391
79134
106823
24833
11222
30404
51463
95425
103097
88748
43202
29208
96166
36453
68417
6804
120275
100133
48356
9681
99503
120729
16045
23820
64032
2251
48803
33091
74193
60060
74627
29650
95559
112268
22572
108127
24999
29478
92890
453
118837
13551
21741
68827
90715
96517
75849
26402
88925
85332
8641
108835
84594
42380
88597
121265
110769
32883
120314
28689
44618
16495
4530
28929
116407
108192
60187
3008
37532
27357
105888
32805
42689
67629
1761
117448
88708
102334
42353
75910
46984
10566
105898
51977
616
42755
96830
79477
2710
78061
69848
63054
24195
83974
87953
96133
28308
67478
6793
74092
28608
93692
54746
42905
212
50815
25621
45100
45757
73599
92506
74612
78064
107990
11110
44642
13391
23240
4083
255
14522
112730
93054
99195
79689
68657
54
9469
42331
106074
11664
51887
109572
63057
38654
6527
49244
25499
21089
83698
73060
69447
16620
92896
52304
22341
146
78315
110013
65004
115387
122364
14580
81883
3758
80101
36104
5074
110677
44355
17253
74343
122499
101059
11461
7123
96608
4180
100339
40113
63339
95165
98434
106789
67393
58900
74319
23585
6722
108947
18538
60992
17349
83675
88729
101675
3991
35911
31612
113238
28545
41664
88962
110206
35015
58009
89799
81900
12373
59973
119350
2105
27029
39481
83213
104447
37322
15713
109258
11366
75394
7471
2166
26819
115184
49194
93757
81802
83153
58962
25697
97592
92767
67411
11581
72769
32072
54452
77574
21945
6990
57174
65749
111893
71104
30161
8908
93830
4765
2869
97758
105248
45732
48724
37132
2700
36645
101477
119666
53070
35924
55005
82997
45446
113783
52601
75721
84416
33181
46795
51179
118008
40246
37277
22605
5801
78809
92609
102206
18827
56300
76641
15588
57118
61106
76192
106012
22646
78286
99720
72865
118011
72483
58862
84085
49296
63548
15214
114514
86907
60039
102829
2534
102686
120199
39420
89222
80258
13867
36514
89695
26006
38221
103001
88499
116301
68978
70418
24668
66713
11120
109718
74659
55645
49798
3123
35183
5928
6027
80327
19522
74508
26635
82309
893
89116
39698
121202
62618
17523
34111
67391
63345
66917
43320
106146
10866
89241
87127
64407
83212
120892
60567
38920
6995
113220
58882
22953
102438
108546
81308
32124
89873
93125
56774
87869
83839
21293
827
114913
85417
16927
48381
11102
18002
32390
99134
36789
122531
46625
118228
116768
25086
96755
120663
101973
33680
17593
29220
57281
33151
110762
61021
90416
88656
78601
22672
113710
60922
28846
95336
93116
75302
23918
34921
60127
63856
82164
96946
33443
95143
32604
94722
13438
69519
33612
11360
21883
96990
118536
118545
74472
87146
8107
49351
86050
99871
89162
83924
640
37555
68556
86926
117837
22208
74469
116858
88344
20941
72613
80325
53933
55398
25695
118700
78218
29659
41362
20502
79175
43239
47931
70364
84802
119347
14263
24839
99520
46488
88457
36450
114539
50998
8386
120042
23235
64148
50429
78763
14625
92205
91842
13054
7783
82404
49520
70662
54553
23914
6987
77951
65176
67329
17234
114018
93401
103094
69027
84403
107098
29961
3568
101962
81061
54701
14227
106840
42523
105207
67662
2510
99375
19832
110623
72566
105735
89058
108743
12604
8011
117197
2165
93824
35692
21566
71868
49809
40270
41526
74812
101115
12608
40992
96803
110729
81876
50082
103910
121630
62183
66662
39640
81931
13660
118299
11318
114232
30576
117048
34682
102567
10929
66784
104389
89963
97704
49600
70618
40490
54388
112614
10504
83222
4304
65500
112411
80478
27913
40859
11738
101596
52075
100940
77962
2266
41439
89553
83753
98301
24917
17976
52868
13713
109601
21118
7402
98926
112661
119718
96129
98728
16759
14244
74315
13310
108373
24938
64142
18091
108646
32332
23230
76250
38846
66519
57730
68488
110316
21827
33104
2402
115293
111269
69043
21362
63829
25795
62946
73571
92466
43573
61262
107125
99712
19957
105148
119934
71646
109103
116145
98913
121588
48340
122886
65559
30809
72976
17698
108051
103995
27416
43581
54797
83871
4199
97182
20182
93303
78800
87290
118324
94316
91889
114896
99114
6209
42648
36664
23183
16737
57558
19525
29158
57794
96045
120549
95309
67408
111415
58272
30861
48221
22094
26936
92377
112970
16183
92900
22169
36389
65675
61193
118183
63978
6993
20651
67700
10947
14997
99129
69502
87930
118373
16144
88215
76784
52106
25179
61618
36444
15257
101225
64191
620
21543
86918
97013
71364
20172
64519
79014
21923
15314
92862
674
97658
81407
17256
107680
3192
33964
109972
105619
42941
12301
16479
37018
12234
101366
47790
39964
24413
2620
39637
19794
71777
43278
56098
51381
47690
51883
27356
24541
105678
78359
94191
44777
24525
117909
40100
32176
109013
120590
42072
122915
108901
101298
113685
115476
13604
85597
104659
14947
16168
87036
6679
29385
16354
108711
25412
25259
23237
349
24751
7642
25658
41237
117659
112797
85434
51022
62391
60571
94184
117131
54050
32500
20655
73098
85811
73865
88085
92494
95488
56720
98127
22942
117392
31297
16427
94598
26606
30433
27992
6021
24950
71329
47490
107511
87142
109762
29518
57644
59111
69681
15311
33274
10086
106963
70848
23848
102183
58820
52545
56483
97685
95249
28277
95935
22323
54972
30958
7982
99676
42887
64976
25636
80949
70570
98290
15954
78902
95967
39039
119692
4414
109456
47802
46186
23676
67298
30457
106344
13035
49121
12509
92612
37478
32878
119823
77522
84039
39233
22615
19700
104465
98143
37328
100683
83361
118841
18609
93201
52827
22922
37918
95728
10015
122513
101000
94154
61828
69362
17078
111862
29276
98437
21612
121281
102267
5754
65773
55149
97798
3510
62879
68025
12158
105917
121830
46761
64870
64775
64229
104099
36743
17814
101584
86479
56482
21159
66282
20402
34955
19646
66562
112371
60869
35115
113060
105827
63793
103477
55273
46813
64836
121093
91266
65291
31284
76281
102103
103247
30093
73153
9290
29462
10740
28870
106609
80204
21091
8453
92739
49313
102101
3158
22852
48090
65380
22238
108389
118044
10726
112826
35345
18460
66583
101936
18834
64548
80115
40838
19650
77113
13814
12686
115494
48266
93416
69092
88718
40373
94865
53748
88705
2714
39634
18833
84241
11895
114399
65808
18696
115779
89950
32097
89036
53688
71186
69728
92744
121930
65784
10693
81665
76301
91113
112734
29524
41988
122247
92086
21831
64176
79574
3076
36831
17146
112920
24828
12430
92
41215
122037
3505
751
66968
27484
83584
101077
109425
35677
11021
51723
104061
91245
15236
12794
35446
39340
99568
113989
51002
61751
50645
76417
101627
75171
10102
56940
52913
66520
120238
56417
93280
74202
31210
28764
102608
61646
1256
34632
28191
84504
33796
70669
75819
123088
105331
23553
45069
54033
20951
40186
87149
17382
41883
21492
88588
116818
75046
47266
30623
74277
41133
59750
54471
123112
93039
5725
102135
104123
64642
117185
91237
89323
89550
100450
28774
93026
79625
38039
8421
54616
68527
70109
106350
31624
104918
3898
100910
101458
68042
8245
62419
121236
90671
114354
30406
71095
7599
67183
50870
82865
31450
57706
47496
101815
40024
38905
54818
9028
122517
69576
14939
74464
70966
15491
92277
14346
31180
75336
111400
96617
94922
122060
21227
91048
101440
26336
104140
76648
83746
29084
53492
122393
34008
79092
64819
105673
86287
33322
40420
91891
108418
79838
19469
70940
23605
8633
88693
27627
77253
77899
76064
49723
65561
9038
47568
44474
22109
111558
67431
84896
1177
67132
63785
4707
77650
90612
121904
96225
16389
38278
19222
98545
2729
60955
66565
13820
73085
17342
116408
7169
54248
94987
2897
20213
56332
10456
19645
81083
75369
31043
72250
76352
61095
68027
88775
22423
122998
93112
22576
122059
77257
115956
83558
35299
16873
47951
112913
9961
83254
87097
41031
86100
8745
120052
65684
7939
120125
85932
99448
87212
106023
32095
5686
109998
30914
122280
63871
77916
71995
69727
89746
94210
80022
41669
62095
12556
50581
51697
90564
37907
5647
27577
112477
65724
93429
99788
48063
35458
47729
75816
41859
99929
112704
41801
94487
123103
70181
71884
107253
48211
62108
41976
55137
10221
67709
21250
12382
83714
3627
48385
103552
30845
44664
56777
105090
81783
77535
61967
100536
63987
94636
122804
32262
62197
119604
3836
114578
66012
101405
110727
46476
29836
66353
54670
118908
97678
12732
77431
31202
79076
62212
73898
72772
6071
8761
17135
111490
49744
51600
88190
35232
102762
114281
38896
53140
74814
5931
30248
487
75019
104341
24277
85633
44469
87054
25768
67083
1916
21158
8585
61234
1162
21112
5845
113159
37583
43072
121329
100844
41799
108613
69878
63516
83659
76362
55207
104496
47581
116576
74066
83824
78259
65983
77711
82161
91041
76534
99231
98020
20830
38382
63562
10891
56663
57015
67904
69217
64774
18611
7886
69360
83069
4009
1695
1299
50338
7514
10550
86497
99616
7507
67740
112512
26193
69112
89271
97354
59320
29671
120758
39811
26940
111464
51425
64057
84945
46977
98708
24208
67825
69312
45388
95919
83931
61865
108858
74147
1994
31872
55977
1309
87133
76260
37207
3966
116150
21636
3075
28799
7392
116075
16826
120734
119983
114930
91403
117444
7894
44034
65823
75603
58536
92524
28924
36062
14213
103154
45184
72589
115208
11720
32211
110825
48130
80151
27745
94912
79377
80994
115475
21385
14714
68642
117583
79891
68647
779
67689
68732
73513
81820
58594
19408
112972
16968
65560
97779
69834
102331
98773
117320
11650
62585
71236
54859
67317
48917
105316
121424
74894
64974
104451
80328
118210
92958
21724
95612
43497
105217
3990
41734
28565
85605
2351
16999
112787
78049
3599
111115
106078
9206
55562
93461
120714
111762
71319
44602
32705
30009
115060
18614
38297
33379
59669
51388
45970
21260
103282
79350
47257
7992
47031
10191
8358
25135
121781
73271
85323
27800
55755
122040
15706
55434
103834
87275
100077
59619
100029
95702
109627
11155
65718
8605
71643
91916
98878
27643
28575
121217
23496
120381
95982
49236
88810
54250
14633
82027
111914
111860
102165
17813
102044
61575
28255
18951
102051
85106
84194
60340
98390
122950
104801
75642
92843
114858
41549
55247
68387
13462
116321
40402
112698
69563
50936
31323
60053
69856
1106
24844
82372
11279
49094
59202
65455
109342
79340
107049
94997
66291
35419
54661
51757
88258
80307
52832
33919
266
62290
92533
62456
11783
80404
86731
24380
120333
45414
40694
95543
7975
29637
45364
7545
115627
65888
115449
31400
75510
113350
80509
121047
4616
2045
72226
24826
930
12825
91111
72014
38060
46015
63161
90171
28293
49870
43825
7917
91806
45697
112845
47614
60474
52093
14526
36234
25679
4191
17950
35966
28754
85790
31084
6175
35759
51770
75657
64388
118980
521
115353
18447
11862
54625
92618
85805
9813
58078
23181
37958
25564
20961
26919
31734
77105
100481
84562
122452
35633
58098
101413
44995
115971
76965
8511
84936
96791
71645
118388
5141
58086
52482
416
88403
100645
49662
24713
87705
578
101995
58488
77714
21035
2369
22232
52886
68202
96604
86200
107162
50317
83794
88607
54383
106931
67884
119097
84737
100783
89190
9690
13939
43234
26715
69778
19007
113339
32523
27974
25902
29323
29389
19061
17133
112919
52658
20236
70973
62938
67353
17449
69066
45985
36748
13649
20287
42372
80413
5360
28757
91139
76848
17756
78236
56359
67195
93134
47549
22746
61601
66404
57943
39889
47728
42453
97128
51399
23109
37330
110494
25597
56496
62182
34785
9405
111566
28388
79316
109047
106463
101854
33562
95144
1565
47529
74079
38480
6971
33556
15654
40232
65558
61414
60774
24108
39695
103341
115376
96108
76492
117391
34986
112066
53537
4457
38808
15436
111152
115338
43077
3074
93232
99650
122514
73064
33270
56410
102796
20097
72048
29985
57742
79967
8687
2556
34895
52793
33102
24784
11232
405
73981
65528
27195
95907
16884
8521
6831
91332
91863
86881
60411
91525
21822
2413
102370
9700
47375
119727
24404
53511
6994
25382
112817
42602
79509
39568
42100
84003
22805
46291
93246
101722
36806
56690
100423
94656
12132
62275
58833
32446
203
2736
115596
47495
55358
38791
15918
46862
61738
6388
122433
94451
121909
3600
38995
29966
18889
34208
116318
119615
112703
68883
66835
26231
50513
66549
47280
82030
53632
19769
37574
90985
82130
79741
27027
4002
113542
72501
119769
100480
52840
27423
120555
48838
88908
5174
116895
78839
78588
38517
42513
55336
108020
61824
41697
35959
65693
6024
7900
39264
38524
80825
18539
44665
110858
27932
76876
9790
37105
81623
120255
96131
43318
26855
29213
82299
118265
11578
74628
70301
56144
122698
67432
113285
110649
11982
10714
103671
21751
33674
826
9945
60810
84270
110459
112967
85494
37212
105819
106141
10482
16755
5849
94330
57690
113237
26063
61092
82953
52789
45486
104552
44674
90208
35236
71914
48913
4508
8549
79323
48096
40796
67690
80700
66095
89139
108644
56689
122828
61499
93349
119504
86728
114971
113048
120939
38592
17054
49625
18897
15788
110893
120291
119529
52347
27721
44828
21181
117668
62598
77935
12788
36908
121192
22708
24657
116009
20765
65179
60650
19271
26704
36689
79452
69230
112501
84200
77274
91664
79086
71852
28313
110734
65263
56213
120841
40166
94405
87740
79988
94749
61056
67807
16594
49610
77850
27876
17767
113073
120731
113900
32664
51710
79678
7849
42416
65814
60008
110371
5212
65001
52040
28623
16071
24763
12927
35912
6238
117167
87057
4256
104890
105960
108075
112453
16567
81187
823
115603
93548
41846
26069
8061
112999
64656
19528
4914
70392
992
49212
32191
24407
102490
54445
36936
78802
95651
83381
102763
100105
110369
120466
9216
14437
81631
118284
55669
68938
89936
45535
102156
47142
75223
32263
51985
74440
74278
26050
104875
97572
65074
97274
48816
91975
53407
60073
16870
81842
117211
90843
8357
74371
117546
69628
85375
89404
32171
24664
30240
119614
109495
30412
123152
26955
48653
13414
120371
11541
113916
90309
20381
1156
51527
94829
110239
117958
70020
96862
107089
111207
52218
24625
47660
118759
39590
69456
5345
42562
63645
13855
35990
107076
90589
56967
118581
93729
5861
87110
51223
15120
40970
58165
94604
31015
14974
14917
72624
92278
42510
102194
105784
38823
89341
47372
53635
51427
70180
85076
54673
83819
55967
72873
23657
109724
51016
67881
37338
103195
115750
18217
31673
443
37905
1708
75991
101701
18041
58747
13552
100303
41663
86437
19501
64106
112982
74122
3390
18928
41185
63052
49640
101857
12655
5010
64347
5728
5798
54994
23728
33577
107130
110007
18379
70648
92759
54290
97101
91102
30977
60324
86031
51617
2323
47689
81077
104446
26037
115067
51230
3798
24667
39257
120560
104149
51629
108654
48136
33589
1336
113251
78541
113150
66413
15375
20011
30402
1901
16424
57774
39741
99153
30432
87995
27730
2386
31614
66892
14315
32402
16033
85776
19560
26026
114336
101974
61478
116208
84808
32251
84573
44310
30204
23426
96308
97571
31914
75058
48776
79202
63551
114627
29093
53166
57761
118180
121578
102295
26007
114135
26662
27566
20094
5097
86884
26301
69297
60172
72567
80849
73950
67991
11926
91366
99962
55633
104783
121234
114020
12098
51170
100258
50556
52125
101146
9181
90479
118333
54684
102764
13639
25357
109517
81601
46670
121654
10179
47464
71334
13808
42175
39222
82790
86589
20416
112480
31582
88087
102218
36777
5210
103808
91210
107053
76196
36944
83690
119819
68952
45014
39116
23380
15556
40879
53714
7038
115725
105655
71794
28836
53988
96893
22388
36362
21789
94271
118598
71571
111110
58713
32199
24345
104408
68861
73203
97872
95669
7039
59325
49111
34154
40267
4148
47321
86806
24542
69466
118372
113430
101387
16284
43502
65656
91778
46789
42976
64025
120385
2026
110156
49319
88056
76367
83417
38466
90956
120958
22850
64759
18915
3922
82528
29322
67716
114217
18154
99682
111519
9493
85952
53799
23900
46043
5451
64447
40338
43365
97421
31388
107381
90623
71512
98657
87324
87933
103702
56687
51842
38218
94224
19660
9127
71315
48571
85401
57340
111943
11342
26011
109808
68143
38731
3425
19274
1413
29000
27733
64787
73420
115942
85525
90534
94802
19194
120748
102503
108663
48293
121269
41415
54888
17460
73495
110219
94308
47295
93212
58635
3759
37563
75672
83413
83687
72307
112207
63473
58345
120081
58131
65054
38482
53834
15309
22965
522
92031
21077
105354
79417
119662
78736
37494
40708
113767
66592
55730
58312
96471
29780
110068
6370
58644
98139
22766
53663
44299
20428
117156
83380
91873
75377
98206
16255
55660
77544
89779
107834
96864
76055
26852
74348
101957
57422
60820
67609
95548
73816
72386
53946
67932
12451
21444
20559
56312
94341
4802
2675
99217
95683
99747
3815
104422
100595
93598
26381
78096
108093
12012
16822
4133
104802
118552
39961
32999
115955
27978
9676
55774
123212
63557
647
31123
87823
114014
61028
25703
107752
123131
29016
55311
28200
21299
28782
69593
91747
58957
117370
64466
78382
11495
22917
54789
36510
46354
107237
93465
109739
46836
71465
7769
110605
76177
111814
78432
76554
60181
21518
74936
7135
52194
84036
102991
12315
106432
48692
96249
108991
83790
58415
80655
17350
97765
114283
25921
60770
50921
29528
85634
49299
16918
114767
114103
80511
107243
104509
34933
31508
20921
45277
70333
121943
89861
93319
18810
99627
92728
76405
27021
116464
80817
113230
34022
35915
2336
34244
79940
68801
18365
9177
49838
17190
42697
48731
49187
48084
89268
98967
111284
25639
100855
114507
55020
64412
63960
72459
74395
81887
110658
5487
106568
47502
12519
10348
96001
10900
34009
30518
45005
1779
67457
30997
12079
15808
76109
36522
18753
32956
69281
6267
101941
6969
100121
120096
64635
2066
115767
36226
99120
69049
31476
47940
97238
97478
86226
56472
17337
16685
13663
87681
41513
33099
71079
98514
20389
113020
59266
99974
70388
81505
27028
110713
72268
75565
97690
21270
101422
50942
34076
49030
83742
17274
25717
74544
27848
48781
39984
17108
96059
102016
34705
61278
87550
103180
34450
14294
36881
83867
53599
93210
70445
37693
94236
123160
9652
18433
8312
87770
114200
22369
8325
106818
33452
48514
105149
62327
112822
73408
106003
74100
15603
21342
74875
32930
102089
65690
7628
21799
72100
37281
85165
94065
13222
355
39390
102477
112410
114071
45424
30352
9895
10181
98950
100224
3300
97596
76976
51155
3743
65071
50939
9457
56634
52891
71772
33323
83423
58467
25553
18773
52526
1917
67343
10089
99431
67464
54515
77251
90938
102671
75306
119137
122540
36103
63577
106404
44285
111076
107272
65227
76992
66811
48576
74761
106562
50456
27228
59290
121898
86742
12697
27350
102381
72543
28456
30353
77203
93353
112436
116602
12673
103160
109018
29508
113433
15049
88452
67182
93372
63625
66756
111245
80926
63888
62924
7859
113968
62761
82896
3467
121660
116337
51242
114714
11321
35287
57842
9400
61018
34387
12868
31961
104557
50697
12775
119283
17815
33665
107793
31197
89046
21029
21461
81037
121620
68468
60618
72486
104469
69592
119457
58246
57871
68650
112866
37542
122677
85489
15635
66602
44338
1710
20634
29803
108046
98880
13995
110313
22927
43225
41236
39038
27427
12110
95250
32198
104762
20272
55820
82980
119828
100319
66897
74478
65086
34135
28803
68205
13886
115991
10352
76015
30967
66384
62616
1631
54430
3707
73698
33229
62427
63228
1438
84887
21928
113304
60409
65186
50256
64375
36034
6632
30622
77510
78627
61267
110475
4571
16654
30094
40803
113577
62055
62714
63383
108499
91221
26470
82049
119937
112461
41486
46527
18904
69473
100302
6213
7488
34109
99416
47803
112848
7162
23625
13936
20499
46907
37924
114723
46148
26603
43785
42199
94539
59827
87802
896
107227
102024
19429
12148
115222
48290
103328
91340
7956
49795
66866
60236
6414
117718
99979
10250
68288
32995
97574
75314
4378
105195
75731
116319
102465
40122
17789
110518
81381
57548
85001
112415
54991
35433
25857
22617
106965
94918
47595
82096
78085
82586
13863
47276
15364
29676
58380
114058
70849
28857
35604
100786
11363
94223
123389
26194
62943
35845
19364
13966
116146
12558
44896
91096
62436
72677
100623
58425
49193
1473
85328
16797
12605
122920
91290
62634
43194
9898
106879
60544
43776
94584
17123
84703
28804
81491
121376
104257
122330
26167
75034
67753
10477
5115
33424
1403
16548
103063
31141
80098
74817
71561
18892
91836
112216
20282
112952
101600
101502
31200
20605
2483
104292
87784
15152
83807
88303
61633
68548
61064
117385
86120
119657
110887
72159
76690
31503
35280
85655
59942
8029
57086
23017
31921
98646
48996
32330
32832
118668
37983
72933
48093
89511
50752
77679
101899
33514
57554
26239
118278
15222
40357
68136
84894
60243
25505
70032
99576
109283
18040
98212
39894
105634
72294
29498
102879
89491
117371
84392
32396
6653
107158
58310
85128
67717
48623
119932
68154
42189
56815
80957
6687
118736
13813
110481
114712
57543
119881
87266
84782
24607
99674
114669
90037
104378
64594
28336
21154
68135
103509
4432
15830
6905
116605
10687
89505
112507
13623
81867
101026
34841
60610
84413
41137
121936
115895
47797
76472
29115
59405
18655
39203
44363
14469
111829
105096
38854
36324
91394
1340
50101
77809
43301
99232
9005
120911
66567
16289
101707
90619
50572
63643
107182
100961
89675
118440
118436
40888
114778
107277
15102
86460
39281
16078
32540
91100
101696
47841
85487
55212
80090
5440
73739
96561
58830
44464
33080
103285
59736
64087
60012
117777
7419
117794
58865
41730
96805
103519
87216
160
87536
29132
6582
3879
49052
55083
45822
75845
36233
57474
32534
5816
40492
28567
108359
62389
103338
122091
45975
65188
89011
88015
88147
68169
44228
72416
4
23707
1690
46646
38961
94152
7528
22438
120129
16628
30275
32038
19368
62447
59599
49369
76893
38116
89281
72507
87064
73232
103737
42095
16148
122833
103271
89832
46068
113760
71415
32186
15914
35972
6797
103017
115190
28503
20848
41018
62995
53981
13495
103526
43758
49433
40813
105254
85799
59450
70556
87471
3456
99543
29553
9116
35646
36170
86579
53266
21354
28666
114318
94113
1441
92383
34187
15886
17868
111479
97899
110867
14796
96490
68754
7015
19791
17987
103673
7697
100067
20491
49907
45910
51761
80203
16311
43098
10916
10135
93010
38851
36368
1910
74517
24325
4176
58412
23837
107778
20454
90253
35324
29187
39801
18431
81943
27184
73349
87554
102555
83866
55748
73511
109607
66305
36939
100401
32690
88152
8384
65397
9748
73935
39260
119739
59646
115881
34634
69419
9685
79564
10202
39740
36492
12713
1902
45958
97645
115482
36196
108241
31656
41555
85549
19685
99282
32197
46610
64731
115126
13369
33663
118923
122639
40392
98314
113351
14626
56931
27086
66885
43441
12808
33081
30164
93368
119401
48531
74803
35617
63343
2131
14628
915
63122
30866
17015
45382
120644
118747
35531
93409
93004
79632
102588
111121
85430
81728
78304
31641
83717
36099
70889
43049
116300
65349
75556
7811
91159
22063
93865
74052
59886
83170
49945
51305
4311
42473
83101
76345
21377
60054
53202
7009
107925
18203
64396
100974
18456
35781
2674
71501
85928
91762
79425
17842
92859
114928
33291
28898
56829
37063
15986
26586
29543
22207
36811
14627
51956
117821
121801
34432
73062
61184
56038
37975
113094
16652
115752
65830
76051
8238
11299
121815
20186
89643
42766
43826
55697
17559
12435
119816
8037
58265
51991
90950
27739
24430
66148
98376
33979
111435
21506
9868
5218
56256
12711
32053
123338
62390
82043
91638
777
112202
12362
44473
36327
84063
52729
63741
24708
114668
76589
8411
12712
90411
5745
120607
109832
74804
79040
88664
44196
74015
53967
111504
72158
76868
93838
101706
18102
88442
66656
92652
729
25004
17411
804
10606
36655
60738
92814
83592
111123
122666
108287
57237
37524
113499
44813
30193
94833
73208
33740
88648
21321
6644
30126
41891
99803
19916
49773
112750
65496
19956
95513
57886
62824
105115
79440
8508
34878
52116
75899
107294
56500
18082
70160
96649
54828
94649
34686
46943
51647
121373
103899
19357
23041
87334
32707
47756
31703
106377
30212
68348
4944
118163
42675
27924
74711
104694
105068
37947
99491
74708
77300
64982
29824
100935
116901
95127
13039
95386
86578
25264
101888
10472
115085
29667
1150
96011
117540
109211
78787
86854
52766
24337
17631
112223
14455
74519
15806
98562
111539
47881
115873
33381
32766
45157
83393
92072
57652
62315
75310
106439
116925
26554
70207
68852
103840
43549
1151
40173
34331
119915
16713
15219
23204
72070
81618
47845
36725
8232
109944
2327
21131
19039
59724
94344
51071
60451
31759
46847
103151
80974
93268
13860
55902
57312
14634
8157
93179
1453
45636
11088
79882
103184
56527
99001
112699
84302
61713
72907
33265
46460
84576
52916
1391
58777
14094
28777
35590
82950
9520
118423
94390
73866
61811
6791
54331
28279
69612
39900
97037
52138
96025
30677
89805
120760
39204
58138
77263
98291
116132
76484
50965
10230
3169
105836
108144
70901
81041
28725
35608
87396
46912
4668
42521
55500
24246
88779
3891
10457
119210
68427
21022
40305
20017
38316
96624
83307
30448
12097
86345
66887
7325
23522
105047
64719
75971
29752
76396
75130
41448
51652
106244
345
110634
45267
15196
70763
72199
25920
68639
82193
43970
70748
116774
80788
45766
86552
11816
43246
89110
24270
85245
51084
118793
78620
93177
56912
81495
116395
70684
91445
6167
87123
67838
92108
23278
64574
77799
86764
54763
64489
36114
100517
47216
84204
77893
105761
26711
90691
104953
104683
79804
118810
66722
8492
111202
31451
24900
39621
18780
13612
23766
90432
16125
46267
99833
24151
92037
69032
95128
39206
117235
45831
53969
56073
94782
55588
34501
111535
27459
94352
72411
66187
115397
82861
9140
90382
112190
46090
101879
1721
55267
70012
121443
107947
121738
96772
117938
78529
29679
34138
16326
26043
62472
108614
94613
15597
105526
112696
74963
110339
53545
2839
68716
25040
81074
86964
90430
82567
48500
34874
106209
18867
73008
91618
18960
45471
19328
35976
91063
123169
8682
101985
86987
50313
74453
47789
95466
51781
68503
111969
50674
12063
88519
114145
75436
40523
114446
74609
59585
48840
44600
104106
65981
62843
120632
4478
93187
25063
6525
82076
20422
17648
50852
70090
70537
73805
116063
38024
112694
40293
34275
121609
94744
68208
62133
64050
84276
360
68601
113315
38568
112774
60190
62841
49799
62899
73447
112188
109471
72642
22143
26976
53934
37048
86849
110020
48975
76771
113141
78552
43597
53449
72740
45792
91570
93449
86555
11346
83635
87534
4948
24481
100580
15963
25285
39669
82536
57181
18013
90841
7023
105677
21648
86377
44419
21818
34487
123269
70559
20325
110882
60235
35665
82637
117720
122789
67832
51693
74431
87581
30523
94669
45142
96323
26971
50532
23603
28784
85174
66904
41212
35144
79510
80498
13380
122867
110561
29977
13287
15787
12272
89083
8234
77495
16000
113721
103715
4239
104193
11052
72987
27236
4404
107262
19680
117702
17093
52473
119756
99938
67480
49373
30086
69917
29051
88956
38814
16386
73856
40682
95377
53802
2950
101044
30303
104458
78872
1074
39036
58836
20198
60256
43551
5604
75853
26060
5177
24175
10165
97590
18495
52576
66972
62968
48984
90868
97409
122077
33611
14107
102535
111609
9022
38403
28009
87779
94641
26837
83536
21361
19365
25186
94745
79806
60059
117897
50910
53111
76354
98271
74905
10904
48371
42814
59273
93900
9346
78094
70356
3019
101666
69417
103752
83562
50472
34025
54741
43768
73412
52587
15826
31174
115254
24954
73998
85159
69526
109136
71348
40778
38732
84972
10533
52396
120294
76054
86461
8537
67742
87890
95598
20264
65663
1417
35886
8737
121836
61647
85380
73494
23735
7390
55031
102946
118815
116211
59244
119357
91130
80595
119091
75006
23130
21357
70480
92486
35631
40477
33650
52207
54862
15020
95114
36181
46172
46055
117723
21204
120150
22435
53474
2838
51356
1010
109427
52986
28278
90942
83890
15474
18595
54198
67757
26087
47150
77182
112075
15476
24649
60450
49893
97087
93576
53012
108796
76543
41905
119618
93483
48562
53573
99601
68691
41857
49998
52245
7410
5618
9547
65570
44347
121989
37673
117231
69011
100498
6012
41844
52834
94832
51746
38370
55453
74999
20209
59539
48704
13651
111526
17719
24725
110062
32231
122723
59132
10890
56832
74982
57185
91261
105841
82440
101587
54118
92398
25370
79118
45385
47195
20703
55704
25593
114087
109638
103277
86952
111673
102769
51205
94337
88743
59614
11873
97116
87942
42522
90584
71813
1269
107807
119889
120742
563
95465
98144
207
101817
30022
43744
109909
33015
50502
33522
32924
76519
14119
87852
102329
74601
114598
11972
36430
5398
116437
56473
81334
94335
56929
72903
74026
39613
77554
3292
62110
27700
91206
12692
43045
107419
114916
112510
41086
114257
33887
23004
43341
18374
95789
91651
115444
115793
106263
104769
35334
58399
45852
73900
115651
65365
107552
107245
20471
16207
94701
76348
3194
23732
33070
39166
113069
26921
112519
117856
57912
10338
42983
83630
34298
50446
34875
117108
5979
26031
37489
118606
17658
35395
104936
24619
20460
55124
61531
51090
84523
102804
23260
62262
19584
53778
43568
38242
18162
23566
1920
28798
8241
70689
113223
13169
8586
65993
48943
100796
38100
59791
54431
88739
52882
116959
82258
46846
18703
68942
46095
29265
66571
3585
73878
46801
53887
109386
28132
53724
7081
22523
11543
113564
86082
7456
43600
100898
24757
120567
23490
67931
60376
37412
111468
27820
53248
27397
75184
61416
43251
67116
112682
38337
20687
76799
22608
74849
104282
46588
86955
60751
46711
902
23383
75762
113241
22506
75549
88329
114373
42418
111693
70642
56656
116978
46374
50246
44970
120789
11404
52310
28925
15007
34365
33146
12173
38615
3442
46685
44632
61151
69153
65671
16916
95625
112093
27869
41544
85693
92684
87469
27940
39868
9833
118030
50598
6743
77171
81333
9807
24034
26567
109623
105612
36089
62381
757
57163
8207
51769
66151
110422
55594
29320
83358
18812
6906
119215
88936
9996
70841
113018
104888
108864
88249
122193
84149
98680
80679
28088
109065
70585
9636
97213
85205
15619
54587
75882
73278
32520
15860
104401
45892
1638
31192
88584
44269
21102
84464
100872
52018
38157
57963
87302
120705
62548
5256
20383
75924
53344
84006
58947
57938
72717
112329
74255
62486
6983
70125
44287
15851
117296
102005
37246
90457
4576
92537
78509
45029
1790
66800
83960
30834
55648
37245
72423
81031
41
68604
107288
81174
6344
42650
46751
107621
102058
17164
13425
104448
76824
97632
38880
91163
46888
46029
24883
18832
43285
117117
31904
48569
75317
105702
10796
43259
84912
82612
110712
19896
70563
50889
63621
96609
49252
40571
3771
70838
112799
76870
72182
103424
33161
98435
37484
118258
2006
41115
67045
65232
49305
2456
31627
34751
79505
40946
113380
35398
79961
93145
55558
28434
22490
96484
29334
59555
84743
103762
85635
91484
119212
111399
97147
116678
90224
62128
100405
102083
102484
53825
103354
47006
78477
79739
106284
117096
107654
31312
73417
114791
26503
100186
118476
66977
4128
103779
80202
18757
87059
52624
84252
32861
77839
63602
109661
72810
2927
48607
99915
104574
50619
58187
96052
5886
86646
595
31021
35400
48464
114027
18461
86482
61348
40618
17459
58253
48587
77751
58313
92800
46787
20096
34580
41460
106797
120288
26368
95049
21634
26907
61072
6150
86326
56162
9751
44260
24732
28522
49317
3978
36698
47698
61083
93082
35951
60933
63075
38953
56926
79486
108236
94881
91602
57330
73338
75822
80697
39933
63884
23773
16868
5894
23318
39518
52152
27366
25172
90310
55919
111669
44244
96558
53627
70577
51360
97499
85916
86259
38619
100909
110349
1872
103161
65201
89172
30063
107810
97813
65285
93238
3000
103791
113885
35208
96847
72282
51699
99187
70133
75536
111404
31987
18059
63893
51287
61727
74364
119568
73351
106503
43084
12092
15930
52374
106950
110204
68047
90600
107944
75023
98475
33797
110499
18860
50008
120603
105153
11264
67439
92174
38032
5837
83053
2028
8116
26828
19106
68338
113546
115527
97789
45171
28807
50611
18467
109612
40592
47036
108978
55934
27355
76289
44990
55837
2234
65436
116546
48630
122821
40756
19227
76457
49079
19711
56081
115311
50795
56520
43726
30542
110721
94381
3950
64442
69254
67761
87359
29494
123172
94457
9720
58332
41498
34470
40228
23880
121506
61280
106755
27077
71669
121833
75970
63537
34669
107409
106437
105816
110826
122088
8464
77175
97889
102876
88428
118863
112470
40170
59572
29700
43383
27732
10496
12807
104133
22403
69739
3270
86524
54344
55485
118491
37928
53629
95530
54597
118555
83427
93097
32089
68905
101406
25722
118505
42046
19690
70599
94857
54359
13906
2051
25531
45337
93451
65514
57131
63970
43933
65795
61341
106956
101243
20658
71031
109069
73196
87569
9150
25081
20418
55337
63613
76477
90701
21974
25269
62040
97669
9836
107096
63073
12522
20731
72198
5472
98761
16134
50631
23913
38147
86687
16701
62514
66325
112893
94948
120972
76663
15931
97336
58299
23746
18656
66288
55540
89520
111395
68627
68120
115867
72193
57384
91877
23127
17741
36163
107727
107856
62950
86919
7026
96181
47113
25798
18885
10319
99392
115098
109040
29411
71199
108621
122918
68879
95933
18346
23347
26319
169
101821
12987
17630
13045
84151
102564
69870
105569
89766
47927
105897
54048
22086
61297
28387
121289
121579
33985
96832
81801
105334
121759
40598
97227
37442
64097
22313
1058
59568
84332
89846
48393
62210
88673
128
72886
30077
45690
119620
104898
22515
83733
39861
119462
21964
107781
17483
42796
119179
52115
13457
123310
118761
22194
51008
17491
68004
117224
98181
80596
11579
109837
65640
15296
82376
108996
106057
108666
36487
21986
7536
38235
28544
50295
91960
58909
101330
17109
121711
4084
73827
44511
13833
29410
21166
111049
39736
36037
31923
10977
119359
96504
68806
21551
87354
86542
72531
17670
96678
64673
53501
35835
89921
82267
102706
5607
92869
75660
76002
46266
114903
41622
60272
27223
75697
98550
21821
25896
114643
6944
69992
97468
27403
7217
86773
83577
45244
17557
3089
82495
85540
42452
68547
116111
48875
118220
32834
51747
110376
12991
122120
12062
42240
46404
26894
20870
63818
61562
18423
116122
60903
91350
13698
30485
77855
117995
48844
82189
72449
112494
74307
87951
70873
89166
69377
101041
48278
65217
18884
64660
61542
81504
33380
59598
74891
110659
74686
35393
71052
119553
106152
24099
76388
11713
67037
25509
34381
81466
100682
42198
81835
107993
32354
108824
1563
15505
60653
111033
101891
82121
94772
7487
63117
14989
92683
117551
112001
25823
42315
5480
66513
73768
65083
78879
967
33821
36192
17055
52774
12725
14943
46308
24734
109713
7735
59985
77412
26264
81191
8661
121859
19855
19842
63615
21977
50483
60137
11322
41599
45281
41811
91493
64203
1390
53131
88630
109098
81102
112208
113434
4055
75083
113808
15848
41868
113769
100887
68608
39511
98158
29660
108027
114306
74058
2376
103523
77904
67567
61781
68962
112084
91774
59015
97255
85040
63068
74171
96846
70872
86873
112815
96460
93871
96994
56066
110469
55484
68294
54360
37335
114095
18605
38835
11983
113582
51952
34339
77237
3989
86665
90143
5239
75266
116599
16082
84166
80785
55597
24005
105032
45326
55507
66352
111744
102312
39107
49634
73166
4502
89508
101011
90796
62139
69201
34000
26418
26532
122873
16037
116799
91687
7556
123403
70659
97148
29358
24632
46024
77191
87648
115074
81177
99862
92125
120774
89061
7343
33773
33864
61182
24451
32541
67958
20667
34293
111695
2844
43482
10812
59214
113898
1808
54898
4978
40718
68165
78891
120683
81455
58170
68079
62010
14211
33547
30456
26018
52451
41092
113567
69807
117005
31242
116779
13324
107336
4714
48925
73833
61313
104582
50037
89592
52970
10713
80699
104545
74073
113724
7048
35294
109982
48047
107188
96446
34601
24449
110303
20666
16828
9725
5160
95779
18521
106273
82137
75709
114259
13590
105120
41056
83118
60464
45389
22939
80889
35319
88233
103968
82380
62164
102695
79803
47333
51958
67444
87084
72832
18616
2442
98123
104982
61141
72793
76569
22166
65388
72667
66534
10068
21627
106982
14442
82173
49861
60586
44957
122721
59762
96875
26064
41944
488
97834
92130
122902
90086
82476
93506
104592
75465
202
80624
31584
52589
70812
26371
5112
36921
30096
91356
69354
78856
10532
72433
44056
7107
5068
31618
35928
37273
36465
69898
26250
43277
12766
36650
72834
14827
39246
103165
53381
33854
30054
30618
9951
64561
56898
21902
20025
81281
121633
45946
87464
52736
19087
83652
3872
71308
36297
18575
66215
119463
148
58562
117327
25073
36557
47010
64116
63854
19871
89042
115483
114694
39783
9167
3349
3973
580
122816
52235
6165
96770
11191
15010
74271
42068
110580
4198
101386
108669
68896
5506
85371
2458
58978
84970
69448
90639
48670
54075
30811
66727
59544
48261
71827
55894
115761
108727
99470
31311
24589
111926
11654
94025
20059
97901
47831
106509
7133
95951
100188
26481
12974
48044
81441
75504
103620
28130
80178
19808
59739
94250
118794
60201
114352
97637
72675
89483
82634
99218
59102
110462
55767
38468
7698
99654
15313
26636
12169
19961
111704
29854
76691
567
102330
52265
100449
22230
90885
76635
61849
98327
33669
114799
27079
59895
39792
2695
107055
119986
41652
77464
104224
7596
8516
84715
31642
16854
104747
122167
14222
99041
62641
81698
114728
67521
50321
45888
48074
97311
96377
20123
78204
120761
76065
17641
91503
70726
81992
18109
28259
76944
24293
48796
119171
115193
76862
38418
51344
32083
32854
77129
40462
36611
40275
5128
8045
31070
90651
64315
69627
1097
63541
53883
41764
111173
112948
55182
73929
113026
22000
38633
112518
84661
107239
92438
47156
46129
10071
117535
158
81512
63077
3055
41161
37682
63726
51646
106758
9603
23428
29644
106062
78429
67056
109996
21423
15879
76133
44855
103594
71606
65055
122020
41691
121899
11859
109875
112289
5008
30986
23381
54302
107429
113061
4604
44609
123330
101002
20058
38141
89147
2070
97875
45584
79802
1547
97817
22008
42358
30571
60305
49259
5579
59849
23397
56823
113981
54259
116015
34105
108345
54263
40476
12899
97180
30569
36263
5351
80991
86119
76778
87153
87346
12674
12202
109859
16993
7750
72321
71250
106580
19762
36680
100667
44255
15809
32521
93641
46796
118749
37582
118849
6302
53096
104746
21651
19886
47148
54137
112995
31522
9816
29092
45252
23485
80587
42201
40488
111309
108723
86214
79115
3847
26036
106530
109670
95449
114848
117664
20368
8676
52488
102889
72155
22838
95164
63916
94216
8482
59189
117066
8376
114510
104109
12737
3177
74013
83273
76995
107905
31463
60014
80671
45875
64355
12038
1079
20549
1959
89146
11616
110816
97679
28948
107743
43254
98632
584
73531
102966
42786
27037
20206
25809
51785
71577
93823
26124
85396
82038
258
83626
61019
106286
22915
44725
87435
58940
27099
93908
73421
120022
87490
114024
85920
55899
107532
51308
38293
105820
55206
96412
118602
20306
119956
102217
44613
6299
51461
64404
57581
24199
99805
116182
106516
77831
67699
95912
10206
51429
114606
51536
23570
68578
2018
60795
122144
82685
36419
79742
85202
60208
12726
81059
87121
107695
43997
56806
5054
22242
66438
29469
3676
6399
64048
111383
65806
39700
49599
98117
49879
66913
68636
33678
61802
63526
47945
86661
44553
89183
9989
72431
8460
44768
35650
65101
60320
68640
14155
41006
87220
109081
38198
74898
118900
45330
90287
68038
23804
166
112981
12524
64434
43432
96665
94414
83391
57068
113395
7301
94655
120106
49
16726
84712
111089
45675
14881
63947
104493
53765
48447
67223
3345
45463
4739
90927
100334
51911
25525
25546
6008
71710
84850
97991
75372
120483
29849
104691
114264
72798
26226
82619
25156
72726
86481
72024
7499
55513
59501
33266
120254
16170
104626
44307
42023
7799
91173
120431
33203
111385
83716
41903
3245
97726
89484
95370
116316
82802
112566
21096
78623
108736
62595
36574
51253
121747
2990
76401
2264
31720
22067
98226
32501
104274
30587
69277
95816
82549
42832
28270
78952
47400
113424
107295
109563
92966
20210
98789
73086
38577
35637
91308
78395
72016
55840
113139
98872
82358
69995
92361
88868
86001
81194
5049
109955
107134
24789
86373
119361
13991
89028
13470
66643
7438
66429
93789
91781
75195
70927
83303
116559
27735
32417
15548
82080
65636
9432
10391
12549
54303
120012
26434
48172
75044
19261
76530
112611
74858
82717
85063
34273
44364
123130
46581
82328
113369
71745
77242
53957
94133
79512
91992
123378
69769
56072
53323
25667
70610
96518
37310
31175
2262
70420
2581
106900
26802
107936
7767
35229
83935
34067
119455
111011
31250
10839
55307
71802
43292
14439
88044
1042
79059
78206
90437
59069
113323
63399
4150
19703
20237
33632
5946
106559
45187
35587
90424
75257
7020
77684
41849
47653
19255
122891
111493
123165
106855
59803
78109
111150
12844
103759
74397
75309
14831
42744
60448
76062
69265
11737
70225
108877
87305
101617
120876
18425
14436
61839
109181
108651
49486
9393
17686
59376
67251
93139
61446
40458
15004
95621
96581
14688
71845
100163
13341
84141
49748
109300
107042
21099
94307
110993
16138
55585
5766
38062
44597
70293
1071
98293
12408
112267
49135
88057
122463
107588
16407
121813
68229
97970
104967
104844
109902
121873
95575
1633
103787
22640
10608
89055
91888
30500
30034
25359
8034
61333
80080
56588
26576
60581
111491
1140
28409
91452
88350
44765
3195
77623
84858
74720
68977
109730
50397
82190
85404
77528
105560
66216
25720
110814
65503
82693
36260
42993
55223
99583
52022
19434
9582
40715
122473
105695
48276
1082
9608
57035
5180
50822
66692
36059
37786
34557
94440
119953
51440
51989
8894
86413
96252
79094
102363
20500
101758
79208
50783
103777
10926
8895
48271
71830
26698
24314
121650
81655
113469
75179
90580
58159
25377
15181
88938
71668
1781
36354
94021
37965
8984
105021
13880
73980
13289
24635
102372
1666
87551
72498
120332
113611
41516
48170
52783
18859
61111
72594
55470
81833
84119
91940
47720
51816
94684
35405
100849
56605
17212
122218
2056
66645
28007
92349
104047
84187
1092
7502
79046
24003
36433
97163
24998
79846
72576
103365
28617
38680
75936
51589
24510
75895
71542
86895
91215
46983
20134
17761
5771
56336
90034
112796
74076
96800
42474
37308
121147
55202
94137
63474
117876
80291
95231
22621
116168
43954
46823
102770
85820
88518
4098
47906
19079
7585
94096
851
42716
45661
49314
33135
62656
107258
37902
59720
50251
58794
91732
23108
34034
97320
64485
112294
24846
34683
47625
53017
29738
73028
9309
19279
40257
73377
56347
52881
68404
17286
56405
95561
16780
2939
119166
98372
72443
91710
34724
92176
122553
33349
85830
944
57250
62660
40067
118490
54485
77806
39132
34139
71386
36056
37267
121014
67470
43770
21168
17539
36302
114235
73016
87360
9329
81703
49263
22541
55168
62292
98101
14238
84831
2292
71424
17066
34019
24361
92716
94257
112878
109183
13333
104066
66241
63173
31676
52129
98772
23594
16413
104119
115974
37380
113119
1148
12526
42541
122670
109720
79119
15383
36687
51641
50349
17595
94217
61917
53225
92754
56854
121817
40548
98882
115158
103432
38991
79471
8642
105869
22353
70509
82639
5539
81759
46252
86678
22519
43643
41862
6759
42462
2943
60475
51263
123263
45518
48050
98640
122909
21201
98886
29728
118618
104219
52171
54434
65798
3730
15644
71284
41484
87069
15002
52617
56944
49302
45624
76481
106508
107908
921
28026
76891
49098
27429
81218
30621
31924
101536
7396
27147
121066
22830
44066
28825
113773
89299
13706
94568
28231
112331
98724
40008
13295
69038
65171
15348
27353
42220
91411
14699
43809
86251
67611
76846
12078
41280
100018
14998
97043
118067
100677
3762
106519
37951
87086
63086
86717
118920
62515
116097
111933
91857
12843
39494
42005
80289
40076
108770
116142
95886
106710
111727
65948
23336
103992
68502
115042
79757
63855
3552
60359
122151
84348
18139
33939
7786
3970
86446
34801
122718
103176
72266
76363
62165
3791
51578
1534
96136
116888
97900
5437
29789
67582
40181
73982
118240
10635
53986
83544
19199
46816
116136
76195
111056
78968
48711
45525
55592
120907
45482
61777
64766
96553
12329
64630
50428
109646
88276
118329
34434
93804
46869
83710
53956
87356
10958
51451
37753
120207
76656
120647
100706
73662
101672
85313
89416
97636
71823
92995
74591
27534
32287
69234
95858
106573
109257
121492
111107
75785
43667
39359
82670
101990
56379
89127
18870
97058
44298
15890
106492
25741
102323
94494
122152
85534
92540
14792
98818
34850
106743
55014
39210
41602
86891
46609
47297
106076
95726
83280
80586
21188
50985
19738
31912
32818
105481
82927
117684
3448
98858
51424
59120
78804
10466
24806
42360
113698
27406
81574
99580
17748
74046
93022
15147
16334
15681
16032
93419
59928
97399
88256
117715
87586
1178
21242
78430
77805
100511
12968
98321
24895
99964
19396
91158
90202
116271
35896
86715
5989
115248
115736
40310
103823
99547
37618
32430
108495
112105
6619
26302
57654
97506
120070
98368
84553
107815
59234
42595
84273
98461
74977
57893
7969
100145
73602
37013
114085
60152
101190
14012
33192
110739
34098
15387
50845
102665
23665
83344
67426
117295
11173
101772
115984
62282
6471
55080
37017
104811
113258
3206
696
109055
96806
17346
53516
45763
72609
109096
61906
115961
23576
47287
114834
120092
62082
40047
78964
35343
14609
65542
81824
93688
25522
7087
122181
77159
95075
5819
115777
89826
107107
78179
65766
17287
24656
63106
10593
121897
45843
84396
82737
15174
111770
49891
14501
37599
121233
83749
80437
100906
81704
43804
78726
56077
88106
104392
116287
121969
54604
47601
62364
123048
28521
96103
81120
73456
63833
113807
83496
93809
16127
67316
113047
5463
7097
64256
67655
22545
80363
120021
90635
17034
103852
26197
58513
75877
35752
73054
62503
101147
18145
31517
14933
116780
18345
70756
72835
1731
68092
48820
3225
114213
53696
65870
94573
80450
101188
23996
88488
4566
1198
85827
18687
123280
22891
101605
113897
54978
42530
61882
106894
121953
102012
120494
61060
86998
95241
101571
102681
76451
43340
13568
105691
44578
76329
115746
93265
8186
121890
122472
89970
63531
23405
61678
77305
100248
55301
93580
106045
66217
27962
44128
10264
82338
115528
93013
64756
110098
59835
67631
95838
110296
59495
36700
35550
11282
56486
72778
106830
84915
3254
84082
17504
110381
54631
108120
8040
96000
91155
48743
119814
43401
36779
71784
85158
116941
122890
95485
78567
15091
94982
34263
10816
61400
90356
59030
109095
26200
105685
91329
90431
21746
118955
111741
11561
64381
120641
99340
46784
278
46976
109205
34752
16531
17742
19490
102850
46715
36178
61872
37231
106585
39899
26565
102248
1830
98652
118018
17585
16304
21389
70540
4260
33520
85248
11103
43521
100132
49566
54146
2163
5361
119699
111456
9055
39008
76766
21165
99870
27887
30066
72083
31384
63509
50443
34855
48285
16599
52756
50253
27695
72662
117758
27802
113574
101793
42685
9341
34996
41140
56400
121945
41279
72848
108182
58366
60711
41531
88311
120209
82692
4569
71293
89221
4468
79859
78182
97858
41418
55426
35612
74783
21819
51199
113831
47326
58060
110430
87386
31747
11645
40089
42588
86435
24517
55969
75893
121032
86441
122450
96818
14950
45553
36962
104489
103202
110164
78816
26878
96525
8457
26279
27346
117888
121414
61319
3185
8054
19048
69568
106723
78516
57599
59506
64426
57815
49740
5065
77437
43065
87474
91510
95278
46861
8973
85012
92386
73887
33261
98845
29917
79750
96290
15106
99620
31520
116230
102519
46271
66512
76593
82817
65401
32036
89125
45943
30435
71461
105981
106422
102851
66055
88901
11126
2325
9848
7139
36469
93324
106393
4681
34521
37634
108524
58527
20866
66862
74527
78198
13595
110317
50280
102526
47364
55809
3285
5688
68810
10174
9599
94051
75231
35328
16530
47122
75
101912
65033
101642
60540
56628
33043
7663
119088
90692
50659
16150
15653
108591
67695
29934
2213
15798
76304
102926
35542
7544
54024
13763
30464
61365
54176
42435
116644
91103
62695
10551
34346
6025
65639
87664
108870
97810
53373
60392
53354
105419
58652
118648
108250
70625
88206
72474
74402
35246
20695
26137
78811
21435
61493
98210
64725
116154
118208
13454
11596
109268
96366
12781
6813
80458
110106
42732
32597
16158
108844
72036
115703
111500
103032
41741
35295
81483
42233
9692
11132
27503
89063
53877
68146
120452
21966
9874
113130
21294
58870
53338
49731
5656
98525
40799
36315
44003
80315
110896
67244
67438
63458
73301
113771
83174
11439
63131
116390
43272
114768
18122
8472
64258
113680
45240
62786
63933
63963
48690
12177
115109
121419
18772
89670
54439
26429
26352
1157
34312
36108
32365
37629
50329
10650
108728
53900
66903
115329
73261
64105
95903
68337
996
117670
9734
108382
118755
10212
48807
70779
77384
86030
51808
5825
11261
91804
12855
120190
26579
110177
37620
56259
73435
34223
98974
68523
80969
6513
17875
70220
22253
8634
37666
85460
74867
67722
65122
60512
59347
32422
1914
90996
72977
23287
83059
12096
103785
101163
117056
92899
67989
32530
4798
65110
53484
72712
70075
26757
53662
75831
17040
17192
53991
67067
31487
108932
39505
53482
94469
61301
83611
97986
69946
