87040
44135
121525
55186
107687
123346
5405
79731
38378
102700
114282
11896
97269
110624
37292
38614
3944
23567
31798
12810
78989
79895
98075
104632
39377
8575
18098
13109
82326
31596
69981
66789
82979
23044
83014
33461
96710
118122
105583
3861
4538
114581
80024
34886
60715
79073
37854
69290
24728
13955
33116
15796
116414
96850
123095
89637
65420
87010
68897
108836
105239
51544
94004
79997
95762
28109
91593
101141
27980
92323
27475
105191
112156
109505
11470
767
38802
67213
66584
105552
118984
27082
84240
114017
31791
2011
2526
1946
110735
10363
48072
77089
112090
52450
1971
45094
1027
56248
54848
4881
122628
35480
122535
77759
90007
7731
68021
77811
106133
44456
33552
39911
41532
60504
5842
96317
14214
95318
49993
49550
27986
111683
19297
81784
107971
110086
80683
68324
121317
92639
18873
109246
45002
62160
4050
90161
45315
41350
49872
71402
78792
114498
66791
88835
8542
123384
75168
111947
115084
32565
88510
14138
32646
105751
54464
47310
104364
77092
16600
111314
77745
39530
1167
27569
76264
29121
28248
73430
105933
92556
123024
105205
89756
76027
79401
93053
26678
119876
94261
62929
20530
7546
120242
98010
35186
54682
5095
105490
115405
89590
107967
23874
14467
106739
106775
17570
60068
7034
30766
82257
92299
84649
15287
80709
38419
49273
20954
100864
86672
24614
49844
113764
82530
89216
113569
30
73613
81951
100469
80247
19934
7568
39399
68269
10598
58985
7657
70944
23321
63120
95031
3174
103915
69105
69694
46206
5778
53444
77959
107454
73540
83282
81202
59118
90269
117495
27618
26388
9809
107405
86467
14070
62516
98903
87919
116092
90128
102842
6785
26638
75298
21535
18959
83575
48202
51277
12348
26479
17468
70122
100169
49588
83966
38416
48122
35904
44798
120927
84664
84596
56115
107802
76866
44521
118757
89448
106255
103499
27685
11494
1518
56557
73943
105280
49451
95059
67975
81754
45319
93891
86278
28457
44727
19906
52685
64702
16181
57960
121640
122598
92098
7120
115373
65937
14799
76418
100471
92708
39745
42083
81668
73690
103301
116610
73253
118336
98507
122625
77082
85907
36308
39154
50276
98775
26117
10160
112016
65463
121823
28820
96667
31711
42504
71705
112121
75126
18391
36172
59475
63183
55583
12
113747
117267
79720
104175
37886
107403
31662
59388
553
45812
9228
110165
43496
25856
70146
845
71609
73744
49350
45622
30667
6989
65029
4793
56397
70178
92519
83959
7073
89854
103616
10752
55254
29122
22599
113950
69897
7274
11892
16956
56293
36729
108448
78700
30109
4438
3651
12227
15772
85492
55215
43208
98125
7342
24423
92601
34256
88187
91229
19706
9902
9169
1743
46600
85705
42926
72511
92401
72227
81229
16476
64755
24329
35742
62700
38774
13512
31259
21645
117308
116948
112874
28954
27294
87322
19406
25274
107212
22903
38812
79367
36927
46631
117520
52343
64405
95132
72655
13979
111326
29645
107183
67743
21960
118926
77856
79851
84148
113643
105170
41981
38645
63866
69237
14550
58554
98655
22620
49943
122975
70327
5571
88080
113714
93549
15319
122882
54758
4784
106184
86004
43326
10697
71785
93257
118197
109405
13114
21454
119368
106945
6605
89531
117574
18852
101379
72071
103486
116171
99078
29407
30216
95447
101391
109910
77065
44239
53672
19857
95675
91127
121429
25258
92454
67638
110960
99104
3164
7125
58729
4070
14538
1955
61614
102125
22210
56158
69827
92794
60126
92381
23057
28985
67996
101051
86062
78463
88934
67686
34183
77843
51889
86328
68178
56596
56067
99698
88361
75082
23959
91343
27944
22996
43580
35160
106663
90426
30252
37427
9924
70135
101771
37685
119352
103482
8652
78849
50204
44683
51323
67407
50208
16521
8445
48426
34344
107400
11058
51349
25066
92851
106974
122763
53523
115525
49080
92965
58163
64994
94826
107061
60735
45649
102441
111780
67050
14579
51369
119689
26595
32234
35432
53292
54774
31208
18869
89790
89794
63630
4336
44703
59414
39067
5244
94047
32966
109948
27194
76165
120000
13211
72878
18463
85610
5468
97933
88940
76910
87810
108369
62708
96311
55197
5629
75308
41919
17674
86771
75857
70821
98469
54755
108224
30670
36486
33889
98879
47517
114101
91025
112723
2426
72513
71226
91840
103515
69966
83475
38178
12649
6180
49572
11293
61329
98985
71488
44463
93454
18630
55179
50529
35635
119560
31730
2936
105172
107378
19537
113715
15541
9966
116422
65035
110952
93205
93137
92695
46317
1469
46063
106476
108883
113731
7306
91271
21488
36257
12150
89399
50489
32778
64922
18246
83798
71494
5925
19628
60893
99607
79570
73283
10409
31115
110464
76941
96912
53695
121436
97237
86909
104767
64255
116387
110919
114292
61137
21776
3001
101785
97484
114586
109083
20979
34266
103270
7307
114892
28753
42674
99540
122977
107472
111738
1302
18186
91521
86370
122506
20495
121590
95090
118311
48590
49558
42911
39247
28094
55310
59425
91989
12104
123406
38346
38714
97072
74384
67918
70709
101072
9258
61637
14635
53306
114620
2772
29174
63971
105780
532
85651
58094
49660
2246
5560
34678
13038
67296
1221
34014
16686
19458
96051
26346
26491
90999
110373
10469
82227
88348
15968
6675
77895
95860
66931
3773
85315
10196
114449
77874
104300
116442
11950
20930
91104
91284
31291
109938
74511
92284
75922
42028
5476
103334
40633
77054
106525
104045
121157
30976
93175
114111
105391
121008
4516
115440
2896
121324
119856
62049
120814
92248
78233
104525
69165
998
73767
94567
36072
116745
39267
62122
64626
68659
45829
112779
2802
92841
6975
60408
49043
1135
76493
81756
99734
6309
39821
38462
84905
76563
38993
107016
68266
81121
31940
68919
84611
37972
122191
85650
84333
49629
44391
50894
12285
122761
15040
80561
95600
31335
89379
51855
79614
37054
44710
36051
11889
78345
10244
19682
80260
56385
82886
10541
43956
48836
102602
72338
45257
32060
85016
87506
121462
56021
96552
28591
45090
100289
5281
26136
102081
16781
34988
110965
41515
44901
111208
35135
53522
91276
122029
36396
72163
109338
57208
49141
60318
18147
89867
26664
73811
66283
88610
95937
122710
100681
111989
34932
57858
67660
108442
2762
65846
82013
65592
1225
42249
107657
97870
105787
59375
100820
17208
70996
26527
36640
47753
85838
98783
29087
121128
16263
26180
67035
58200
9415
67528
41756
5767
57793
122790
13928
86914
37708
23809
96859
65799
32473
45569
106741
109699
62063
66086
113425
70397
86255
121696
79454
30553
113070
32259
28439
59624
110059
27850
45025
65019
103750
2114
23733
30974
5972
120759
55169
4471
87448
2
59049
74913
23475
3107
12973
17358
67081
13299
2823
30846
119238
117725
17201
81420
25462
115812
120863
79704
36221
121619
100553
16611
5559
25255
93229
39064
120670
24627
50217
58532
66544
102677
68194
60166
16271
22178
31218
51304
23712
39760
90147
116409
34544
56544
70571
100104
14037
72057
97216
41529
83469
44420
30262
99737
34032
106019
16228
120329
121829
81251
97547
106995
103204
121256
80361
21774
51152
60843
103353
99839
4337
37795
113754
73443
58183
106162
2913
100929
41141
108588
38098
24191
93107
50052
24028
93093
21719
55556
30258
87786
103730
64469
20723
26762
32932
121409
90141
95161
102908
65863
63672
44328
46047
60007
30804
89850
23551
10731
107570
58015
119448
67488
108220
105164
89852
55517
114695
105759
99623
46883
41455
58786
40290
40938
75245
68877
86621
26614
84872
76435
118384
49843
46916
15024
88601
52720
31674
38627
84378
29916
102885
36744
116155
25180
80977
85354
89121
82001
10308
49695
26751
123329
53746
50463
113071
46189
109115
26782
73528
68539
51412
58496
41358
106711
70890
121148
83758
114673
39033
42854
76191
27481
16
33587
64037
13401
42866
30183
75145
35429
76517
28658
40900
48831
54906
121585
109436
36740
32007
85654
22154
25374
74080
113436
84853
62043
22467
70041
55411
113943
70142
92403
78211
59451
8717
36970
38159
49361
4673
5267
63282
95452
93491
60959
90136
118236
7489
85249
36555
106115
98621
17840
119278
94791
109253
122731
41718
25053
123217
24547
86045
55788
85803
48909
75951
31407
12266
56074
112427
68994
105539
64113
117452
106699
120589
84959
55510
88202
49206
34121
23188
114973
45155
68147
107395
18750
56138
79396
2713
101393
74887
39935
54104
49482
40127
9486
39366
21538
27288
51914
81573
119673
64617
116118
92052
30560
15659
78663
56631
5024
31300
88084
41074
57807
95809
65928
14255
19044
76111
51309
67851
53743
42711
35862
48733
101271
116049
14490
15280
51795
97624
30215
100337
62525
123047
72082
38710
62927
85058
28832
88144
72471
114856
94974
39942
41517
55376
6956
108615
17272
20044
99046
38956
36798
98827
30916
56444
38063
58499
9723
112469
58372
61000
52889
28812
88740
114177
54726
28124
27890
76310
116575
55026
118007
50575
38152
15724
111643
37590
73852
83462
122217
16302
49947
52678
40544
89771
21564
41934
102463
52835
88352
43433
107590
46272
26956
111184
86184
121295
65564
108662
10789
7580
39673
86389
81923
12351
88624
26014
70660
36363
88905
55577
75163
92534
42219
33221
22959
93939
54425
91661
39761
62505
49388
86361
45686
66172
13993
103035
40663
36503
3234
95107
32852
20798
86572
116315
22160
55909
14006
15389
92304
65152
115195
54012
12514
113203
92488
43668
71836
90537
26070
60253
48494
89182
32851
111955
100537
28162
98062
88867
121792
21851
49663
97160
24334
92621
65497
61728
2564
117953
20415
9851
95889
6951
75191
99913
121982
84954
56093
83855
4274
119006
63366
80609
54256
50430
86073
13837
10022
95766
50727
28638
43504
75178
112057
21383
55268
109215
41428
69960
18403
102780
61374
32261
10834
110551
108504
77071
44839
65916
110909
39040
74327
73894
14756
74054
44124
48696
26061
87286
79627
122860
85572
43407
114506
78040
77993
53351
90809
4081
48244
70235
67282
95980
28897
37333
37916
58081
110633
92181
98024
39694
72593
5484
101025
104232
103290
111355
98269
46365
73638
14371
24205
64975
57147
71178
27691
48157
79658
97760
49404
15949
44215
54495
21419
66951
62102
112506
4889
21448
97878
107587
107741
59908
3534
30090
30781
90883
80584
32678
94477
28297
78488
63766
34052
38519
66403
4952
24466
20497
17675
85130
77725
95963
122465
95263
58509
116399
18962
106142
12841
57802
42148
117679
44411
120229
91262
121768
115820
10526
105832
43289
101352
13371
56413
16307
80456
61599
86990
108707
65190
86215
97341
18069
33310
68346
84050
107513
110436
48005
101479
13732
43480
48846
99006
12774
103639
44964
3858
67535
53587
37552
61763
112951
25566
48850
75017
30939
3212
62988
117521
71499
89303
14928
51972
62768
67395
116748
35252
26452
41909
99716
2460
44254
73877
46741
52352
36901
100420
113189
33839
76522
80100
54385
105760
17452
79612
120046
113447
72069
19302
27144
32432
86847
84579
47553
105160
27705
103284
74865
98284
123311
111597
79545
68009
122842
133
101346
100726
5852
81244
73738
120271
57890
3855
109595
81257
52984
3691
10750
92209
68589
50584
108562
8795
53601
114284
69089
25586
17779
25749
109817
55174
79371
10162
104326
105923
15419
32580
100685
73756
118343
98787
38409
114880
97132
62632
117898
13335
16321
62192
108352
62004
88071
43782
62564
69338
98012
26689
68721
87744
88895
118622
50587
75930
112908
25587
16467
10428
117362
8950
43150
19432
83416
94605
91482
7971
43332
56927
109229
89710
36440
101283
14133
46184
44192
46210
78237
61897
58010
95209
43901
23200
69136
106718
93926
73258
49738
24716
50248
15217
22264
69418
59146
75486
116725
88029
111417
49710
52197
888
39904
59469
117239
59672
1639
14980
31947
36854
69442
100614
42484
25376
59456
115701
29606
64129
61733
30069
7878
98132
85272
56180
96172
52993
26665
16167
927
106042
41304
100723
121672
57946
45801
39852
101866
19964
75212
79306
74879
88564
92289
73863
87287
18234
120260
67703
54581
5293
50555
51774
46333
33332
23395
121954
100411
35271
38832
82546
10217
70432
30915
46040
115809
119645
102489
63522
78527
36054
114994
190
109997
75713
50806
116703
31945
113033
64748
19959
88633
95371
39105
119658
60841
6546
89572
32685
17079
18848
121812
87181
33170
87683
69957
121306
119659
92583
1973
34987
123404
47769
32696
75498
46299
87076
101478
120248
120750
115320
28945
70869
9722
77800
23207
54765
110273
90442
66851
81651
115137
76872
115170
52559
120545
3532
38414
62957
29214
4167
79310
113182
91331
90499
64605
39448
70611
34607
64484
61939
78829
114452
51872
60710
35850
118114
118714
58866
3553
41122
2940
71814
14489
24526
84924
57624
7190
62807
85260
91223
75483
42317
38347
59204
56959
32242
33976
72868
84692
25268
79897
104213
25555
23285
81981
74028
61236
42126
92024
4719
62876
100781
49709
38038
72737
107071
96294
2931
54531
37937
93252
94333
96992
23540
55880
97686
14148
32465
122733
34718
68590
119703
82160
1780
21325
4196
77018
73517
39485
34868
119411
4019
103443
1958
9312
117263
38542
75003
91760
34816
17825
74085
23073
66114
20039
34341
31979
96018
72654
116037
51394
20684
95229
32331
35876
107881
64614
80236
91518
56571
18426
103630
17604
9890
90116
96877
11575
42017
49534
2570
6997
115272
14075
18223
19028
76859
112250
99591
56788
75202
120681
91497
122740
72980
50041
50561
50546
76671
47693
99889
39726
98691
47211
78341
372
44191
67532
69431
167
64729
99452
43123
32706
4017
56580
116848
116232
63261
69497
37068
35905
24706
71581
22469
65959
119159
7479
105998
96094
56033
18367
97549
21272
69998
40991
36879
34825
84886
116156
31773
88733
33688
85878
94667
107372
67818
77932
8919
70199
101996
55051
33075
6411
19441
46439
98796
12531
74170
112841
2073
8197
90338
77527
67436
76686
120779
30751
61836
56346
26830
69567
56878
9696
51178
27616
94880
111575
48267
53478
107831
25765
36564
88104
68487
117889
111014
68260
14533
111445
48061
108905
93296
110619
77111
112862
92522
91244
109654
82517
71070
77917
905
27560
67598
21798
40096
84280
24017
13207
77617
50260
35303
109439
112716
49239
6085
72324
110556
107519
75480
13005
3273
39986
10439
25552
2603
52983
77490
29113
97859
118710
75475
23868
87338
15509
67026
115420
74181
42570
26277
106186
47153
104
50405
24772
43943
19298
52432
5364
94112
4654
42899
81049
1939
48537
72494
115987
71755
58321
21815
86282
1616
78410
36076
3916
64878
92944
111079
1034
40521
35981
117
70315
74674
44627
87473
122136
6838
44527
38250
105054
57095
46937
23396
15678
89161
45534
19781
5297
84663
34662
62681
112969
77133
39818
28161
81542
109555
55890
66498
104736
23957
90449
195
99479
82991
92157
19479
102319
58590
31
78533
12134
21008
17591
68774
11635
120843
614
80497
60864
58716
77141
109895
65026
94170
92029
113178
43806
86517
42655
23752
38435
46713
51899
63008
91151
72225
63910
122036
90538
120912
66003
59174
105770
44320
118095
51798
44303
88032
60896
42074
90625
77673
43883
59553
68530
97159
107376
90551
60260
115202
83119
86000
2804
104858
116732
7371
79344
35461
440
48226
108068
121278
48557
35301
71467
81114
65008
7303
3662
45212
93043
76508
45437
15411
111661
50303
111132
78495
54728
62002
116234
19136
72656
18688
410
58549
40043
38442
9387
8643
95574
79583
122550
97735
123177
18782
25140
112795
50789
75029
107286
107116
89304
46534
116751
80358
57852
122656
35075
15578
62480
61138
107478
121154
103609
32555
4088
60628
9806
3819
120858
26353
116682
119265
4598
110673
8355
9956
8272
35202
13584
22068
41649
86425
90788
80777
32381
101035
49853
53117
111939
15231
109693
25890
9949
1232
23595
44062
62615
24896
98785
112937
89925
81600
97554
53876
50693
35629
70321
6772
81379
120776
103956
116456
102118
49646
62013
32205
115513
61494
79559
6996
13621
100688
10066
18430
82811
32975
93404
102335
33178
25528
53767
37774
80441
13174
27482
97261
101447
10951
117810
86650
58497
77224
68434
75863
51059
85074
65786
66950
30424
17890
76626
53772
100636
51105
103232
10761
19188
21783
92644
35521
7271
9840
42481
117891
30568
67929
34362
45699
66712
75600
55167
90182
116342
111225
70604
119825
71994
89054
65953
104374
66702
33370
4377
93620
4277
41132
103463
29548
9193
42614
49001
92797
91937
35363
79194
117455
28178
46388
122435
53275
4431
76947
112928
34871
13816
68898
122455
111563
95490
39877
79346
119057
20361
43021
53178
12428
29045
116093
113912
107953
114783
81711
35290
104245
57112
34779
73355
25420
8405
39053
120140
78474
44902
22962
91087
75727
106715
9386
92584
95194
6282
37384
65170
106973
51807
34280
57816
68652
34756
92498
75894
58690
16664
94689
80858
91509
40479
119335
68382
24674
52662
34245
99430
62555
113559
62283
14430
21000
7751
82156
7385
46067
14121
43679
7897
60569
38215
51257
22647
31325
43172
41162
46031
33744
92343
87968
8251
52574
29630
12989
102487
794
41564
119570
122307
20202
26902
21628
19796
122596
64324
94908
94164
81699
107848
11477
33545
20217
15302
41841
104273
73722
57942
52466
117936
50642
98962
54709
121991
46539
58851
28661
54473
17558
45168
37332
92005
16740
42863
42177
2949
53151
98098
58722
98947
40917
76385
54182
57578
60375
23052
116173
19356
109949
102275
6403
69358
102076
121377
22966
31472
2168
117122
41785
33683
107304
51489
34716
1562
14084
51196
1420
21896
66245
36482
101665
19466
86539
98018
78347
90669
122228
115314
103427
72527
96390
33350
113526
61026
69802
121129
76590
30011
121659
94794
1084
43500
90719
79737
45101
33750
116612
122766
93167
90649
9646
17073
73329
59976
20180
100798
74489
34764
2208
123261
4241
85298
114343
1386
84685
73353
83076
11287
73524
17608
30455
111594
111134
49581
41633
37128
117701
40345
99546
69429
115698
55118
81644
120612
9500
69803
106601
22259
69102
115787
69620
38122
100802
7451
73817
26724
112443
87093
54409
104995
8039
111368
25681
76841
56032
103067
52356
92650
52342
83958
81185
5406
14103
73356
15819
105839
75597
36075
115326
37001
62411
3590
19884
10087
23457
79170
114291
62114
6341
26674
59454
59227
107626
43024
30563
107760
59638
98289
44801
70360
82755
68881
55938
47809
18435
47863
88405
26769
2937
108021
92880
61260
84196
60588
48282
66436
76044
14277
54410
55912
83973
10709
41139
12878
112383
94454
23664
46331
112492
112434
98185
56791
94673
31339
49909
91759
101551
121667
10592
20147
100927
56254
88793
85676
105723
56270
68256
38924
65715
13265
41293
48071
110302
11638
60632
122328
89339
68301
99942
14518
24187
36873
43865
76769
41251
103378
19399
78703
39000
93397
100255
41678
26721
26307
1715
49582
92446
93110
24727
96661
49911
88003
85660
7102
11749
61823
16368
88617
12197
65707
82284
27949
68130
49209
87874
12081
58132
1482
40931
71099
24217
104386
111555
109534
70347
16371
66167
18594
104068
8924
7267
105166
84860
109409
24659
47793
8994
89350
84533
52029
765
96987
69659
92116
49308
23030
51367
36220
19269
55996
68821
104293
86710
41656
114351
62838
65215
77287
75256
106442
53098
77368
22331
7163
29074
19716
49903
67800
52336
99772
1941
101097
45023
21642
90827
11441
70087
8138
30398
38729
20050
18087
25626
109221
57647
52230
79403
83599
49474
10044
46803
87215
62377
42928
5452
97631
2648
75596
116012
46694
38827
50749
36112
5228
53833
82587
107349
114766
108195
16789
62252
53980
55016
35048
24476
57321
56919
103121
120415
80038
118257
14008
61354
43989
119282
110420
109603
28233
70811
29787
31396
37470
67513
10510
73848
38558
94420
85118
100225
77184
21208
55561
70597
79889
101897
69843
91625
19470
69184
31731
88133
96720
71841
94474
83971
98589
54463
37698
81069
57241
117412
85510
53108
16094
103877
65878
61931
30401
18736
4594
28504
108056
87742
104195
119617
78334
59894
63434
83068
76625
7184
106205
5697
102799
82303
51319
111182
40981
89509
55732
57693
28705
61756
30269
36825
61215
41368
75920
30987
3210
81578
38177
69103
74116
47129
31840
47404
7714
115381
24573
55618
103062
5779
23422
1603
89730
71864
97653
88641
109086
72075
27968
16481
35597
3319
15902
62798
72944
11297
46680
117201
106563
23972
27292
41782
32506
11220
67481
84277
68954
70381
34533
9110
116570
105771
78045
116784
50859
98598
97144
81694
116716
94702
18513
63222
18007
14339
19421
109789
80008
87091
6707
74556
11704
10138
7813
66560
121929
76496
108193
122960
6744
114195
56174
64916
94049
29118
72305
64199
87341
76575
94583
84852
58681
113738
98250
22768
41514
12941
18453
41946
27673
77260
33117
75291
56475
46601
56176
111280
2561
56697
85846
100404
27308
47762
40148
3688
57958
47914
79187
103559
24059
96709
47580
83695
2236
73043
52860
110571
95657
29434
123374
61960
101648
98489
65231
48777
45660
118987
23001
11566
28183
102797
36758
119268
104049
3982
80911
4831
15210
32129
109548
3727
86308
91684
78844
103873
20719
74148
112165
71102
46652
38345
111548
1014
106219
98990
10075
47879
42925
119201
84674
12393
81567
111976
42386
110894
36002
3913
67645
90485
102356
79450
22641
40953
8147
53790
12111
37926
63048
46093
43117
88763
82123
33028
7346
2945
71294
14480
66855
122445
123382
104205
3842
88688
85391
60901
85285
32613
91312
87004
15945
24739
70202
82119
67893
42910
22016
74290
75072
84041
42896
39262
56370
70720
73763
29884
93420
117644
61229
66597
122255
79411
77303
57119
113169
22495
22869
30434
99437
120713
3415
85910
65571
109313
22188
62323
4430
13296
103651
107640
119838
63513
28211
39514
15244
92350
3366
111648
111174
120383
102442
871
7736
7492
18864
52274
55926
22992
11166
102996
93219
118879
14825
30603
36317
122484
29786
26712
45783
121078
23202
116061
58801
107365
34188
33259
122446
94710
100716
73609
59483
16098
119579
56640
61871
73341
93779
119874
21207
111702
25759
75138
97252
97405
95906
30859
89678
19383
27192
78046
72996
28989
29280
63767
37833
33890
113273
44475
98901
104320
61189
25599
36383
108576
34745
39679
81285
95609
111822
7618
54734
46477
10765
34599
51657
54029
117173
109480
94840
43031
44008
10386
104907
67676
54175
122648
121321
25491
31264
12448
47651
67540
97473
11717
28518
98836
56053
45356
76498
93665
70393
110247
74582
31393
69608
38580
83591
62671
69991
89426
33794
15758
73618
20074
68958
72866
101172
54072
89668
16760
46020
117307
36582
52553
47566
32731
20144
690
66052
115301
80676
98771
31853
60594
53015
94345
81639
75431
27213
35718
50465
81101
101055
16615
71700
34530
100946
113485
17563
65751
42901
9087
67250
63939
119223
94654
57947
118981
25057
2003
29732
33766
84360
59460
30711
97757
10781
115823
30556
111187
116476
26861
40474
107461
7398
101690
34589
22926
42624
93811
31844
29815
58544
45051
122778
5149
11971
88497
34715
25411
77803
75888
34004
80296
82868
84100
40124
87151
81401
92068
10381
35017
26246
62006
62545
60734
10860
575
102574
2471
58230
83648
98240
35649
101216
31697
52098
14156
95481
20544
120682
27307
93972
25637
46630
32589
47658
67748
60778
16357
54293
51208
39274
44382
20505
38075
60016
45823
23519
99355
9978
12768
1400
100488
93558
121445
27159
81195
111128
4418
29556
93880
18009
41289
93297
70478
97308
35482
47612
112446
38127
60257
95699
95717
17327
81161
25618
109464
98699
98415
28129
52001
32570
2427
31035
61242
22014
68768
78580
94423
56871
34583
10884
63505
81149
77049
116149
33800
46027
19127
107228
64159
36176
121476
111293
50687
96956
33536
56889
87175
62393
87003
114611
116272
63353
112613
9482
21058
29015
107586
107230
153
33701
69155
77583
18519
103077
49057
28882
66478
118150
90036
91226
89006
110820
81384
118918
77269
39211
103703
109785
89292
98215
93195
62785
75564
92993
53305
107686
97217
59291
114042
90194
31475
79203
75337
71837
13578
64867
19120
6664
42524
51971
4394
99849
17129
19187
7370
43399
91410
101950
43669
55343
113719
119899
108539
22880
118990
66918
368
43986
16647
123355
13843
64265
21379
32421
41994
96998
41369
71068
59760
52046
112706
41625
101698
26824
97792
51143
41371
90133
96455
20956
47586
21305
61693
106402
18988
103449
79568
115172
114190
50839
82460
104271
115799
97806
12964
57234
104295
57023
67525
94478
111717
59718
71105
48100
73404
82704
34375
69309
114889
16689
79916
26832
42057
32575
98999
82025
113595
108252
60218
65595
40030
4909
110801
88847
55412
117416
37827
120690
108577
90345
31398
58479
73892
117193
117213
108469
52959
74881
109468
91674
77564
37318
29231
4371
56670
66858
64690
10615
59923
105687
33037
42432
37604
34399
63804
58307
46965
49920
80874
73111
121790
84729
78223
23613
57973
122822
1496
108670
85414
47854
39431
34133
2352
9220
65210
66606
50366
106353
45960
47102
115711
94572
117049
118560
52231
112541
17526
78924
51164
28729
30391
32724
57134
37257
8269
116694
51311
82785
21748
50213
5073
121101
33721
120167
120478
88128
87432
112985
72925
90187
74750
6747
1382
31883
75716
120047
113482
47773
16659
93602
33166
116501
79957
90181
114233
87765
68089
31896
98094
85777
68287
66276
21737
105345
73055
41284
107506
2416
62374
19113
67529
60898
77114
41757
16883
15109
107339
35062
88319
40787
83321
121417
103074
53827
22865
6401
64391
60204
55416
29003
113370
32475
59000
90414
105411
10768
101565
20882
108238
85171
43134
61782
55300
72671
91798
59941
16676
83789
91553
72666
122105
56796
30341
68875
56736
122695
91660
98310
32539
108697
60185
5289
122752
93081
71896
16460
22785
844
13821
55664
8531
115740
95198
42191
65867
13479
42138
8987
17169
117956
75406
100774
25504
62
88146
103969
82808
19173
51392
4854
77691
76172
52519
11913
37039
114100
61
112571
84814
73733
11438
96689
22658
95324
89506
10778
104845
29298
2706
41590
1245
61209
46828
116659
74552
2446
9158
45780
118146
32889
107193
116434
52289
10354
34389
53093
16446
46752
102600
24109
17478
24979
85623
105392
112423
28494
42060
69098
104964
69518
19942
1586
25142
34220
65847
2799
16333
67196
122868
90746
86412
1515
46076
61526
74235
88788
54788
99569
118910
30237
3811
27788
19679
86779
58764
67518
74773
45204
84642
61152
80798
34930
11044
85239
91884
671
59293
18909
82107
31723
8370
47860
11880
39737
50558
21360
72898
18115
86192
92950
1982
50637
76445
14073
10141
74377
74332
105722
114013
82815
20103
118243
18216
79438
85108
67925
16171
91016
9706
1289
33358
64709
27467
54885
14704
88049
91002
24662
109870
9798
84800
118096
6247
69930
11627
59051
78372
53423
31992
27653
26547
76499
45087
67302
98904
110337
62644
73955
64076
81147
63464
80826
109777
40253
48189
50570
85893
106335
108338
88328
75790
85881
76422
113788
53419
94273
89609
117761
83450
92429
81768
22618
65377
34600
46551
85435
24913
44079
88422
32987
58767
9328
27877
90040
10783
33032
122647
70262
29554
53415
116045
61475
114075
71163
54724
116449
50890
83889
51188
52381
75675
67951
104001
110338
113941
83459
69186
65161
91404
29635
52879
93551
49628
74477
64668
118778
8493
42937
64504
3620
37813
108891
11026
2593
25944
45276
122808
51183
90207
9824
49830
51913
73115
104693
52420
98384
107440
11721
22004
64160
63476
98633
24791
80477
432
23904
46810
57066
77206
17347
78980
86034
72110
32194
25895
28979
114512
63084
90443
114426
61017
105128
47933
18118
106049
44706
75331
112429
122323
64417
84778
88639
88552
3178
32529
48479
1940
77570
34617
11378
78048
23010
118766
70192
63308
80127
116177
60837
43091
65694
25019
33138
72927
112801
82773
16679
119817
114375
50438
93801
64202
66526
2494
27872
109543
3101
6547
74390
110442
78444
43319
84939
52371
15748
83425
102192
6691
85517
35191
92729
56923
31585
89636
85531
108179
57493
109912
122777
93612
70796
47373
89641
64259
49158
20230
63056
26718
53889
121135
86783
32282
87190
21456
24953
104216
87790
51742
107080
22452
101750
57891
49597
52275
144
92474
66135
95927
25366
81396
100969
97233
24492
1599
104891
8161
28823
59582
84882
101904
73970
97714
13478
110742
103977
106960
21331
29855
62003
81965
319
66203
94800
4029
26531
122123
11190
78485
80087
43096
16468
112299
76938
10719
74789
26390
89706
3187
2627
115774
73646
4895
47677
27020
87988
14196
114269
88335
17228
6283
42202
7974
4664
34609
30312
33504
92651
97007
47928
104180
23471
27880
75273
75941
5625
40467
115514
93715
69549
116048
13631
81994
74416
116474
7278
15136
1968
40563
107302
119205
57200
15700
54939
100966
70881
13674
14127
11800
94746
27334
14833
6965
10801
95692
42259
83266
75711
8543
28810
18746
74976
89829
71022
51751
122009
104076
20148
25880
27217
3308
44231
83671
62759
59680
58127
93877
29482
88525
102069
30081
114072
68835
39610
41698
39408
108032
4203
391
99118
22293
91568
17420
58434
54364
8791
33780
83412
2171
88053
51854
116838
101802
61369
41815
74968
86136
68755
121863
63649
24549
78913
17328
16387
16449
90677
105489
70845
13574
7970
50128
34819
92338
99936
104881
72649
38073
33920
29476
73082
10035
113219
18830
99570
111032
108907
9977
17236
116039
74853
73919
56667
82747
58698
42687
112235
91483
12021
82627
9344
48330
95448
116844
43046
105185
25975
47995
8917
88659
100148
21467
55461
79353
111282
506
42727
14790
24994
10777
55224
119374
3200
42309
111403
25280
97525
74037
12441
117012
39463
20699
14319
86862
18541
56031
113766
110132
42713
110231
819
3614
68101
97688
8935
51983
73824
36993
22687
43159
27404
50068
3059
27316
87800
77432
49004
46699
107074
73603
49031
72325
74643
30819
89565
10819
73021
85853
13609
34507
122947
70933
74417
22697
37731
42151
113634
40057
39192
19882
85082
41084
28956
55828
63582
28455
15903
6265
99054
64875
53424
40279
52948
88456
121027
76112
108680
35906
26245
18352
112291
57648
2329
106914
54325
47067
11687
13011
51438
67917
70904
87362
13599
119464
92924
67511
92022
29888
102112
25996
32135
62431
98542
56676
104609
16866
107218
77710
52193
80636
37298
60051
22156
50147
110665
105377
38265
23301
10953
84976
9135
35381
64957
120825
18608
95536
1300
71833
83769
103440
109901
42409
86156
12152
28939
25150
103994
30251
12659
106373
6416
86684
24057
27682
31867
116468
48738
90902
13430
111164
92390
102808
96090
85522
7481
42598
100333
97697
71731
118273
120394
109735
97192
91444
29397
8212
4578
33642
29225
97196
11045
102385
93470
98058
68156
88953
78010
104644
28317
28446
123340
45347
117991
39318
83319
34570
48191
112024
21912
88135
67373
70326
5237
108689
6454
119377
72238
88480
90192
91915
62747
39098
39168
92261
98365
22065
78745
62868
41951
122784
6690
16770
116500
106033
68876
59800
97404
39370
11556
23134
8292
84774
28095
67338
98581
93619
1030
122227
68119
114197
24697
98260
30368
35121
8770
86329
116258
109864
61860
72432
101643
115919
17566
19185
97055
118290
108873
82601
12284
71036
4215
48815
81403
20519
52438
6349
121396
15512
88429
46222
15084
21487
1625
32212
65108
119488
72984
101715
72335
40283
104696
65800
21718
116795
85884
25329
48230
78073
28411
112641
41603
107075
8969
44060
23069
38607
55781
61642
120862
80389
122792
107374
22711
58329
80331
52389
92872
49955
54612
34546
119256
83435
100627
1497
105019
77873
28001
110881
55492
71693
3967
89577
10259
110640
86564
25644
22091
58899
26835
110568
119777
5792
31829
58128
56514
45621
117407
99885
98286
104103
33183
10329
66293
45386
26201
71901
68528
42067
2039
14163
63759
60940
89512
20280
72720
102748
8903
89806
62917
81406
90739
1506
64198
112601
84309
51717
54328
105614
94098
78490
39223
12222
123184
91057
60564
90024
109068
7442
119695
28402
96729
32090
16909
60759
51549
70719
103961
65250
98022
41059
62334
101623
56761
74902
38908
112732
14735
88140
101684
31198
81658
77254
118318
87427
100202
37462
110246
93036
76132
76883
69413
4284
111275
15528
66510
43338
87945
41296
41519
21414
44375
88287
110075
80659
86234
49107
26691
13624
86682
73053
88595
51744
54268
99146
97348
26496
1007
94876
28230
95420
59746
83581
104413
71172
89474
47882
54421
96825
113997
9489
51575
56983
5158
121253
53095
51740
50780
33704
58095
6803
50143
23500
102314
94552
101232
73127
11714
107323
23855
91098
17700
55377
18940
13707
73092
101966
14387
11964
102827
119804
64919
79894
59790
109679
118546
115136
29492
13956
14762
16126
28222
43920
104796
6252
869
84383
61643
106927
16563
86986
61979
104524
104538
67044
45305
95243
116606
122391
65243
86198
841
67086
10458
58361
118043
20838
31110
98408
41636
73164
109719
50003
11319
16222
59926
51262
76294
67870
68543
50861
67381
96083
16068
20370
41080
86122
123281
49379
86628
96786
16736
70624
8083
1905
104926
111787
30310
73650
65585
60226
113711
36618
97993
27842
52731
52337
70750
7898
40755
33006
106249
36224
102243
89064
12022
25542
10423
103411
30741
95920
117006
96586
112909
106436
113787
56150
66051
64102
114463
110130
35034
65371
20917
35553
87845
64951
50547
75775
49082
38080
90712
2128
65956
56297
95159
68741
94783
86340
32120
120566
115734
27069
38707
39238
120941
105257
105598
53174
89651
37111
57484
118659
37225
9644
78988
22024
36451
35375
38491
103127
37817
123298
38046
21861
4113
70802
110982
13229
44160
16310
123417
53952
70977
6820
18512
94906
78742
6603
33238
78521
31483
121957
33596
51632
88263
107471
31482
30970
19070
68676
57133
91280
35588
56341
111838
11069
2454
19489
91004
39418
48225
74794
31512
5703
57018
2903
3473
122112
96494
32412
91027
33260
93787
73708
40105
60027
39575
1925
99368
55107
62119
46292
42045
46903
62420
29072
4249
65768
62399
70161
79399
121013
10630
85645
13302
37399
3715
92357
120172
24226
32348
93623
86180
5092
94256
4031
51951
122945
40205
98949
109507
66729
57709
5131
57572
97531
32134
85733
121134
96050
93016
19998
75734
58814
120444
4302
31468
118924
27801
22899
16853
94466
35910
3649
106967
81886
21848
107090
40876
28084
34292
22686
79941
75535
12799
119465
48960
24620
112537
82812
27233
11814
34861
105133
102266
51567
33232
33808
26143
70045
62394
120953
32398
73963
108160
8677
15717
114822
116522
62195
74654
119198
279
26436
13131
57595
44472
17787
8989
37909
287
57316
14130
49973
86059
120819
43205
46265
115399
55198
65323
4018
92291
81648
68302
89236
28197
66385
118266
120278
90270
95785
42991
12754
105048
118143
58754
43697
113216
33228
62898
91236
297
85902
121827
119436
105971
80398
44217
28108
93932
30205
36411
38110
122638
56709
35680
73477
81377
71400
60787
117905
388
105506
10239
48461
23652
46261
70307
114957
3201
70179
92888
31666
49892
119241
19954
35992
54159
45192
119531
116094
75158
94953
26285
55389
10973
20430
22150
645
34783
94635
106060
16874
117678
64960
24908
34648
65572
60296
50665
88373
64538
92203
54610
33205
120674
83240
106196
33563
120889
121657
12392
121459
105274
14350
31369
29572
56027
110493
50198
55196
2366
12923
24658
339
75862
50459
82069
33420
109760
23869
38170
6118
73010
109842
42888
59634
25309
78212
109704
107949
73197
35029
90874
61948
495
14039
18999
31295
118348
74381
19098
91627
31907
90866
31852
116088
19117
64393
17180
2539
111026
79250
6189
51748
56109
107531
73209
107629
82804
50721
35721
75987
19742
6912
10915
10684
65372
749
123107
116976
15970
105447
110448
34282
113700
100192
108989
102907
104954
36319
5626
83328
9410
47005
42822
65777
99169
44416
72955
111833
62365
73656
15460
68094
81891
49783
6535
19031
10960
66120
117554
61889
85564
18286
79277
83590
104660
114267
69667
91597
29207
28752
82154
49455
66926
118375
110403
28188
41395
10155
107363
64093
15690
45461
41773
103082
8857
78496
99987
37195
113547
120512
64371
96119
52786
54336
16296
11748
92171
77698
112671
98610
94361
79032
99765
43704
20411
19051
64290
36133
13803
88900
30541
56901
12812
92115
111023
48573
103896
8790
68037
95926
51876
89436
10170
79925
32480
5135
61002
66294
137
43524
60004
28921
67908
34451
41274
36171
50361
29063
46297
64475
17765
44520
59924
48950
4474
6640
94438
109774
85497
102768
69817
35408
101767
71098
38871
100763
86803
105643
86804
658
38260
56706
117189
55559
48914
2998
56651
18621
100075
96208
37660
118620
7114
27794
63114
93690
11027
63451
81350
23226
113415
53890
67708
102837
65027
77872
99100
9935
34890
16370
50414
70086
12456
43575
29223
50002
62236
89067
18420
46130
61140
14706
12976
2639
114467
107933
18673
62460
82613
27251
119507
98409
6762
45768
96886
72015
58168
57915
22802
21880
51509
89405
120474
18980
73170
6849
69361
114401
41151
42105
61110
34029
86880
56170
52313
16892
43840
103254
118488
22015
47848
111154
97419
77357
25999
106606
9188
101471
26328
13334
98463
117824
86767
83221
80891
32020
121284
50886
80467
39507
69517
105589
89720
105232
33907
79368
28528
8664
23642
77149
46330
55303
42398
54976
60836
122436
31910
20408
23549
108916
35427
110399
114429
52428
37274
84470
38232
31778
15100
9923
18717
79759
103014
103366
33240
27919
89069
14606
32667
2908
69048
67575
75294
63549
37925
84018
40235
43882
39461
109310
121488
9774
91623
82976
115310
69306
58860
65594
44879
110513
115062
34876
10730
59377
112551
80500
25875
78370
41469
30110
57913
27127
57418
44933
37429
114229
95048
37993
81192
98016
57485
78837
27149
101492
99236
104884
20553
99463
46771
95489
98693
24348
110830
90984
51442
64509
119148
36982
104397
30786
65142
110554
34700
37850
8859
88240
49729
63887
29662
109289
19330
67228
32136
104463
76394
122849
67503
114579
54533
76772
91600
58624
115099
7543
122523
118196
5636
13288
47117
119458
27563
29675
50089
110117
114693
90664
18747
31830
55573
31417
10984
14544
30497
32116
12747
37711
34742
87979
53243
24072
55109
108428
29991
95384
86022
78776
19325
7369
23611
17857
23887
64152
72630
102035
38604
94611
88683
14636
105773
9490
103244
3656
65394
48685
81524
123447
33002
66694
49177
22945
76162
23649
85921
5657
89247
80199
70343
29521
41573
79777
37773
1662
97096
102284
63624
64336
43038
83618
67622
9937
115503
59008
96396
53128
88864
119665
34954
27345
24931
19806
49923
95478
49825
120730
72905
18638
98078
18181
79084
5241
27937
30508
82579
14525
50969
16392
4834
26373
3238
79740
9308
86480
63815
57085
85785
115152
66615
87135
39124
90423
8260
116987
4666
105681
98249
19292
72626
58254
89559
29743
107316
69780
75146
97926
108435
27387
73113
110792
58718
65163
62342
65637
45737
95046
73234
80420
38179
50346
10701
43269
29250
17952
65062
64563
11170
103350
92054
78750
77465
19844
43699
75586
103576
32217
47791
106655
5855
42907
2812
47348
73002
105018
118394
57764
75123
45566
121122
48785
62388
86087
25671
21529
103008
59417
112488
97433
13691
4633
28618
12618
62907
42350
43374
83352
5873
20920
21040
12870
77934
17798
122779
110215
111997
32164
12962
104518
19668
118471
34212
12256
95297
51875
41957
99140
41595
35849
70079
25548
89649
91351
30089
100914
79656
63986
78068
69840
65923
8898
36414
61585
91338
111706
111758
47086
68744
75069
51839
6208
121628
16871
91677
120579
54081
84320
24550
60942
80704
87969
19538
33055
102771
40729
98338
34759
42251
72109
77537
84099
15403
90005
110388
26880
84809
36294
70284
81326
92096
21549
530
6284
75096
94517
104996
71446
36914
75984
114655
64175
44781
22404
77923
83267
35747
118444
65259
35609
116761
66428
55501
46287
42
35431
53056
63786
1476
58842
82778
43213
109333
110443
41425
49754
118286
50503
103288
91364
32335
39145
65524
88981
78183
46473
97526
69860
47738
97536
54199
88964
103933
121755
22876
87406
56864
20966
43158
7312
11555
117741
76808
98899
627
123292
112766
74428
73190
46687
115049
23269
68298
52773
43237
97021
48689
69373
3046
86831
56909
41179
2782
36667
31350
17024
84918
99961
115569
37942
87227
42098
28909
8059
64477
28497
69019
120659
17321
1768
71190
79484
100272
40020
105396
99854
7457
85368
14957
70311
105596
104808
79196
80872
103268
65143
6055
66214
73185
43291
104666
32949
100279
47888
38893
72545
96419
67006
117756
6053
102678
12703
90151
61975
41467
70989
88115
60754
100036
13084
56549
61554
78356
15335
46599
3244
85180
24196
11428
62817
27328
13728
19521
113659
85804
103339
43105
113735
27371
79354
87671
84203
31620
55713
65492
98111
45421
54028
39710
40295
60743
534
3996
95063
91657
62758
101130
81430
100092
25386
59832
57687
54026
60777
463
51966
16451
52763
50904
80357
64400
12498
88369
72451
98892
120464
19513
35049
58287
19614
51662
92897
81265
13766
72801
91850
119788
102872
24592
68662
13411
33636
121474
17059
28309
117344
65536
121950
31717
120097
38734
22837
116265
57536
110980
119467
93914
41661
23196
90972
77565
121533
103075
91650
88579
110550
88235
10404
86085
34690
57393
43927
11329
19948
67188
19157
82734
4312
109991
88228
27044
32357
2201
41269
48350
16906
44336
28040
42401
29587
72399
91969
35837
6136
73050
112688
98764
92627
63611
44167
78682
67840
76606
52151
53337
53216
40929
86744
88062
118497
16318
101388
78784
66761
58858
103860
38789
31572
8058
115695
33959
85612
30178
82283
97647
123342
147
59458
24704
69872
76298
29825
39007
97739
58074
65011
97455
2348
119032
27324
3230
44232
97877
69861
28327
9518
63674
98330
100206
73968
58746
119839
70552
104748
50701
24137
39785
119771
9499
85268
101889
62366
103383
37283
79793
103773
50385
94601
80121
24126
4363
59168
12584
37770
77422
106881
555
57898
14739
23543
25002
63972
95439
25360
94334
54538
66764
74476
29992
109531
102379
95778
29756
2567
63808
47865
73595
18723
89758
49476
81226
106862
91506
27918
95117
12889
4655
15155
84696
42974
35594
48457
78090
1099
107391
123054
74885
27668
51464
107246
6094
13688
103716
94839
17096
117860
1233
4877
53567
67110
63258
48258
17259
117814
45343
36329
97935
94830
113726
86247
84363
105534
22794
14014
91878
45146
59374
25422
43647
44288
82438
80884
3515
34313
8694
61199
110688
98253
68356
42632
96434
39799
104395
30287
19744
67936
7059
26602
8150
25547
98138
117140
103849
48281
10899
62972
31182
118564
76080
57494
8709
15271
15427
114746
41606
11853
77981
21317
102483
86648
90263
33276
11674
33712
119320
9003
103972
93592
51654
87624
102746
64359
69986
99298
41927
52316
31068
78164
9164
61413
101065
10872
13793
96350
92447
20273
39460
103155
44010
99892
66575
18055
55057
29775
33950
48336
61107
1890
69927
90006
19688
99963
98450
114487
84543
22660
32680
50664
82965
29002
4305
115669
46731
48468
96309
99740
82771
42558
42957
35932
4937
53471
22088
16269
71552
88095
73333
85472
11770
105041
66479
11848
83340
23419
37386
91439
68869
26591
109071
97338
47594
53199
47574
85213
32728
52666
80414
31280
113999
116224
20982
4623
76967
19647
28505
39236
101101
14492
73071
4974
62124
102245
116814
118331
99094
62596
41110
16275
54496
106147
86261
31581
42537
83997
19192
94155
47761
70888
117045
62242
25220
104189
40909
29892
86310
20737
65876
105485
32237
53705
38865
104633
85901
27448
83728
44919
116607
107543
117719
95475
31233
112023
43427
76956
44317
63095
74421
30314
3519
70898
3611
35971
41226
65926
31419
4551
1046
9815
24227
118386
41735
117374
60988
68753
37150
1110
63692
13120
46279
31488
11202
118144
33021
87600
33637
43810
96085
63312
33543
66067
68450
31740
120938
59478
84075
23805
41787
52437
121949
65891
32485
94165
121661
104955
113078
2111
115378
72503
2260
115162
70465
110325
41904
32146
107213
106315
19121
87020
42867
55823
66373
122722
117642
67364
66677
24781
13283
97582
78375
31513
49207
105388
24514
85491
108441
76549
72610
106333
51136
72768
36872
50432
71372
109775
51953
5184
28126
5654
113375
62670
74848
56361
48016
109929
97074
1795
12603
119044
31663
4910
96643
41103
90602
1707
75873
121617
108022
94298
115133
2406
2127
112678
105692
25675
73707
10617
21020
74222
12490
24899
89180
76399
52287
105067
69775
61307
5417
33731
78244
68778
74754
96570
108211
103066
96574
82855
83162
45745
81165
106672
59695
26295
85888
89879
511
48254
43665
89551
47956
72728
31051
9863
40557
13348
92633
108069
116891
38049
1996
96508
82492
49416
68401
61449
21682
58802
17830
95528
83016
100195
71686
80598
31986
41962
40782
86160
28988
54855
7581
37135
93542
67642
88850
102517
1394
88490
6610
90679
61122
78967
95402
123058
82035
112044
8095
66126
13458
107808
12366
50977
29712
73406
52367
115213
98873
41378
58354
13819
50126
109662
75395
58222
88349
66545
53902
55095
112004
92567
63653
88889
38304
88560
113642
10658
15574
72242
23256
78235
58774
76318
112248
31108
50958
43942
10257
29965
76266
28275
98696
8848
122396
44302
28606
85336
56014
79640
44649
89214
19695
91499
53655
48691
8529
77929
533
102186
94804
118787
110162
107591
46753
77268
34856
75450
110015
87575
45571
18262
83615
118115
22896
6611
34951
107762
25065
30726
50172
95076
63763
96260
35872
32764
90783
113465
24748
80708
93427
47511
30459
14583
61847
38632
37521
61572
66225
117924
76340
37514
117216
81969
34635
51945
12953
48726
76331
119890
118404
27576
94570
91942
93679
52721
2158
54396
73895
35273
109052
98933
120454
13121
111211
72871
21406
12113
47238
63514
21842
106878
65457
80130
79964
111025
5558
846
71535
58219
22593
106282
59268
41791
33905
14662
104062
59428
34714
50628
47090
88039
71309
121279
113107
26814
80742
44171
41500
27775
90234
25330
9672
74097
88487
34117
94730
56306
16592
99033
23029
96135
98997
123104
26380
87042
107065
21638
15554
55097
81915
9812
61415
38676
15779
38691
81806
15702
115904
59077
57048
78645
48493
77481
75408
26817
23146
100045
84806
28110
40504
114809
14513
109206
8574
41365
79917
4082
23853
20771
14265
12295
71283
86839
46506
30637
46019
72164
103215
44209
13270
68826
114727
99212
114202
115299
102813
39734
12142
94284
83601
119290
8844
59493
119307
100837
37882
21480
93248
28272
8823
118254
13319
21656
118506
120530
230
11106
45489
89812
96177
111569
99934
80894
13825
318
35102
57697
120093
116257
17764
95208
108922
1796
53840
22104
49320
5233
4173
99299
63954
95564
110452
62848
43462
113548
100383
70574
114636
65165
75770
83951
12339
75966
7887
2948
9007
28732
36406
101853
34343
9275
116790
87520
35880
16477
121713
95374
55737
119652
44715
60984
97951
64418
117298
92985
45771
47309
44882
97887
80589
47643
56350
90178
118765
46669
11098
74985
102988
2485
102984
17171
63878
10547
14877
45864
36374
28112
64814
36836
95344
99723
16952
65965
116591
3763
89023
65407
99434
64455
36107
105154
75248
10260
16830
52872
80846
79905
92352
69733
44114
6916
29733
46373
63060
10534
90594
118495
114787
32840
18943
89414
74185
53179
31882
86531
73220
86395
20659
88013
48085
83134
63777
21002
87048
17298
66595
105804
82859
117842
99064
23828
71655
63429
32765
58989
97204
67004
107863
3528
46742
24182
40222
55949
78765
40880
91991
73585
82911
47804
85305
60703
17419
111632
99085
87568
26685
106592
109446
30854
6600
66957
46141
87446
59656
11614
117387
34488
59796
120413
65801
41784
33499
25577
97741
92742
116919
81973
44574
52893
9716
30507
103239
2353
77487
50228
83113
99201
15777
42647
91321
71157
3753
85062
15487
70258
28655
74912
86770
95089
78537
113505
81837
25855
119761
61059
111891
4852
59056
64522
117635
8001
83218
87414
69648
117293
49063
3886
76632
16128
97287
65230
2887
109694
122128
47560
63298
52741
23358
94596
49159
53540
26266
55147
57061
96838
70128
12253
113266
111038
117893
56894
106380
106127
81864
113837
18066
54150
65007
29655
4121
55038
24718
115858
10185
13451
18228
74103
3678
112859
13347
102800
31459
15470
55166
104598
25009
95567
69875
117013
49694
80927
100156
104571
87219
51100
78918
96418
9282
4290
109166
72191
80850
119175
109127
83024
81198
122699
10188
84552
68916
111271
62787
56090
11519
49290
105013
61956
97223
62385
123176
89354
109830
71213
118316
60986
119845
122712
92770
59038
89817
99415
12372
59652
43223
91409
72564
14253
1044
57565
68637
67139
24268
12516
27465
101717
105420
10388
26094
59135
38934
99615
32368
75690
23962
100249
53775
37138
106025
101046
38867
98471
78934
89093
27068
66359
31211
74378
18979
14861
104316
87757
3559
41386
26494
75382
59237
41665
66628
1880
113132
111824
13364
101311
38804
55296
67049
66828
98449
95109
33384
109421
41932
47427
68187
114666
116881
122907
111565
6110
76159
25727
121311
32349
82011
2027
24054
55099
86095
1660
7200
48675
8271
103169
1474
99202
105240
40187
13557
74758
56847
97663
55921
107489
116379
84079
101977
22921
22458
58472
34731
24371
67836
58505
56578
117863
49539
1258
103100
37263
82249
40895
21121
68912
68498
29614
69615
31858
7649
37948
23128
37025
85568
33756
53646
71549
120411
2562
99691
114860
107618
81154
93486
89935
714
90928
24014
9266
55238
43615
62777
54841
53009
10211
29688
101287
118412
106856
55681
10619
66823
40194
25191
66297
51593
3926
121318
39344
32509
14011
82972
114658
37272
17198
47743
38923
123155
114427
14411
37703
49456
19450
61485
8023
80904
97439
35445
62560
27570
39332
31486
99395
117062
49366
515
87795
101017
78441
4381
14019
36641
28493
1471
90184
17989
49516
4559
67011
11799
121240
96527
67492
47330
14509
63291
90631
88631
34781
61793
45548
23986
60414
77801
81397
57855
78103
113098
33481
9983
49677
82115
34963
98543
29255
65642
107529
62533
37946
20113
74787
93335
3162
10670
11347
10998
21956
24729
67278
37300
12020
17697
96532
22705
115012
15337
110125
95036
37940
47046
26057
16184
59445
47177
95628
66188
56450
33649
55603
102632
29248
115601
106706
70716
31191
7412
121541
56258
94294
26323
15660
71818
31545
62213
25286
45344
92032
38161
94491
31913
62910
96406
65335
70782
94593
46350
8162
60822
96910
17281
115588
54745
54468
88537
78674
19766
102995
45821
59021
46891
108746
99214
11412
70056
120578
104927
26637
20154
18350
51054
30917
37146
72139
679
96730
47183
98494
17008
13056
17431
55886
64931
4687
7461
109800
47145
11209
16591
62603
70883
37759
114853
46656
39905
42960
2976
93147
66398
2986
3741
80840
13615
21036
23174
119183
57875
77601
94329
72932
95666
105011
18836
934
93115
61158
39790
56866
84471
31255
79227
11118
74411
75932
46421
2161
39666
110083
95066
119977
69959
81913
79075
41528
50758
113984
76047
16319
24388
32374
55910
27431
22085
50051
107918
118658
113702
51580
112891
95097
59193
111179
70072
115035
53569
116502
121677
121870
864
79875
10442
74125
98371
121923
107960
71091
96426
48012
83386
94848
68470
34736
100100
37793
6460
88000
123141
83246
79663
5615
62414
90461
5691
44460
16353
104820
64322
3583
47144
16328
49561
13406
98515
17581
92066
20542
67345
2196
69482
13777
92895
65164
52251
84012
36159
41423
58885
5238
28288
105880
80001
51995
47837
97290
121723
52154
121219
21823
28482
120740
23512
66631
54363
113745
1305
1775
24358
76380
92784
82949
10880
27856
56738
79513
67482
31133
86128
40739
66738
52236
95826
57371
58193
106236
57533
103311
65510
106448
12988
99658
12278
18048
68600
65538
104840
45918
66879
1226
103775
40221
93628
53965
51293
46332
122785
55672
25994
98296
86454
102159
20843
110340
50419
64112
38001
39690
109305
15665
10095
71434
93771
52779
49614
102862
104372
24788
30437
89626
17654
68275
51766
18187
119832
70153
57541
44942
83089
95028
72743
97150
13563
85727
65634
18567
23247
48845
44465
116451
120094
36476
74221
13036
67321
109262
107580
44190
105014
4733
110613
4185
20822
105043
51139
84532
48117
19623
78135
116448
40765
54393
82240
33832
113106
44173
91957
65444
26435
55012
13547
11563
68665
64248
76168
15489
88803
54180
41704
62570
39947
67397
95591
87599
29694
35123
10788
63043
43993
1102
17147
73760
28474
80876
56505
37206
25602
46239
66347
108424
16537
106769
4731
120101
98017
54668
97249
8838
85358
91327
96596
93570
102073
95660
114851
107611
77699
108249
57745
13893
5457
102228
65226
98044
62053
82994
1227
106066
106567
24317
45308
39659
49595
50332
119400
117683
120793
10486
118532
96430
65449
55644
69034
93424
53519
40022
24762
57982
12475
39782
119345
95738
21583
21453
108257
87540
14448
121457
81746
4066
49966
71245
98167
52642
17191
69357
102375
37154
118006
79839
217
111660
67212
110834
61488
12986
54536
94855
30390
106097
4453
57148
30336
82110
19512
81331
588
11307
112179
63897
455
84880
104797
7699
15440
101975
42592
115663
37782
4096
27014
94753
113431
6524
37989
27187
69989
79579
26526
75883
55355
69941
91998
36018
5260
33023
59105
90408
21107
61032
47208
26648
103955
2411
46932
106158
49913
74871
7686
107145
19644
18482
24854
82396
63946
50076
50778
21104
118101
37167
121112
81676
121911
53196
109759
82112
22522
54881
63063
60368
115215
89527
66367
63078
19229
35688
114320
75791
59434
106998
30959
94290
5183
63092
16782
91890
86266
100608
118643
115231
74022
108411
32946
76430
92709
123323
114884
1237
94367
9298
110969
109232
114929
87103
56412
44729
32894
26729
10241
18795
33863
2282
5250
10392
49271
58755
20088
60927
29793
4580
30710
86455
89748
50962
80917
111324
91468
109428
122122
38450
19331
60605
118621
39939
94960
72889
32849
28292
90799
101687
79103
44873
60914
115201
10502
101650
63104
26393
113645
18543
7582
49191
48423
63316
5714
88464
15299
37641
26610
81707
28023
7000
50726
60415
25356
97921
113260
107498
80341
20619
71050
44925
16050
56678
68934
96777
94465
44949
84381
101010
41895
31864
16160
90302
15355
117957
105825
113268
34772
92877
112041
122204
18323
109562
120013
84098
58082
92986
98102
8139
89173
44197
57804
104464
56969
67014
112262
85742
107083
117721
21608
35152
44374
9501
3261
116964
108698
31425
39883
10786
84081
23477
11107
26607
68113
106262
60244
17860
23774
68749
99458
12162
105220
15799
100589
8613
77338
43018
92948
58787
27258
65880
99321
119392
37559
41650
71017
80796
72754
51877
31329
42606
90953
107742
22699
110736
121110
25104
91771
117532
31286
46824
71089
84923
31579
63784
14689
68157
1769
95486
14178
92917
80684
43280
59097
3063
29342
18560
112169
34095
86549
110903
117242
91490
42477
67865
75238
49926
62048
80762
54184
58515
112234
16111
57784
69006
118226
103934
38005
49051
80305
38253
85258
120083
9036
48998
46438
70555
22735
106220
76197
25349
69922
122825
504
86960
81516
29804
121570
119935
37589
94526
257
30168
22325
2507
17310
105848
20356
120753
26694
86458
92193
56779
56327
102899
14653
99096
19381
3312
5673
35459
35283
31360
95549
9593
58915
39086
86137
120852
75485
101410
109430
18079
114974
49707
53671
6060
3869
75766
102622
76403
72621
92150
107697
105798
105950
38872
5265
86280
55628
12017
43973
75595
41073
71534
87009
74932
111537
96101
22189
94760
97102
121806
98664
103423
119499
81544
20700
62481
53493
67398
57350
49370
49214
4251
22200
36898
63841
18057
74462
69101
24505
2074
61293
118424
77140
59263
44522
81427
29123
56816
110926
75180
29170
9546
69899
45404
24125
86668
36973
108869
116868
101066
112278
1756
21729
53118
41743
43959
65169
95653
120638
30180
96986
59335
66122
18814
24723
107047
19438
99333
15745
7356
33811
90156
89285
114803
122274
106101
55816
120661
87935
77362
10849
50784
25624
86774
120624
10121
6596
103892
25497
68322
4767
105646
102990
50900
96333
77989
60785
62770
81411
25760
120728
117087
64612
54242
63646
50155
55535
64956
15621
99223
103324
38728
59749
111127
8996
96043
57304
19427
107401
98478
111072
54397
84335
121826
8123
112320
89513
56538
102197
23819
23272
91729
23024
20861
28600
22138
50201
31801
5366
62729
122561
80533
72129
106528
3499
110705
112490
43638
1328
60141
35168
80758
35190
118169
38136
114503
117323
123297
16983
59957
4565
61628
34209
37526
11067
87562
3951
34990
115108
110327
113152
60311
40081
119026
20718
57634
46650
40351
98672
33566
68976
98571
47448
82845
105752
93919
80644
28428
21245
65591
10076
118170
17296
51581
6251
101027
121017
58019
28599
49483
55457
76454
77638
96301
65315
8608
110543
29206
101060
120800
99542
3332
91793
6694
89461
45223
83337
85977
33269
117226
108491
63997
93061
8557
63844
82113
114951
80495
89211
77531
104200
115499
68786
104194
54200
118629
122971
88998
70506
36330
42464
109629
90341
63729
387
58596
39464
46904
86845
109363
40996
67846
114241
25840
78650
3322
69501
40509
7330
71962
113976
22399
96926
51947
59385
114218
71890
49414
10274
1557
18542
34378
21062
113481
89969
83206
122910
27844
52440
53261
3683
20027
70488
54926
48631
112382
104966
78635
86170
102653
20828
116889
81228
4122
116970
87659
70457
62127
4866
28143
66657
114520
3537
5094
51211
6322
29196
94916
4192
85144
57344
40693
31377
19763
12306
24446
36920
120069
73445
108321
27911
86925
49359
19839
98162
116384
32918
117609
44558
96116
110258
72343
35958
102361
99508
70098
84849
47680
64874
107115
109600
78999
15790
65710
59580
91228
122273
38913
22556
235
2443
101424
109545
79885
8865
112050
88849
87613
48135
77686
55872
65092
107291
95328
92782
38106
103280
114245
65145
54968
63900
107951
67445
5794
22759
68839
76389
18878
63100
41021
88440
107907
98252
33951
120957
30100
21804
19594
34092
27173
35462
71048
81569
44577
39602
107963
51097
119285
36045
22981
103257
105360
98229
11037
45658
42791
66445
96462
112677
36300
114459
76242
75654
30492
62417
112269
9053
7519
88155
39893
90777
73389
28588
30280
123225
33148
12969
78531
113032
47250
26242
84037
92922
20977
59185
3529
81572
97318
107886
63327
77715
28392
25393
103949
112333
59748
94721
58135
114890
22374
3430
111865
1013
93600
49651
66543
41040
109701
44235
61269
58385
104297
26211
5357
73658
74330
115837
66580
97766
39708
46683
95896
14457
72492
44711
63296
79101
102254
41154
44404
110730
100812
86939
44367
90703
42403
42273
108820
65551
10875
98891
90467
62490
43507
1295
60805
19105
43349
104238
106423
91769
97417
38575
102272
34247
1477
52454
69844
111443
18306
123185
4220
39172
117749
57010
40732
10521
83928
34048
51637
82660
60723
115134
27133
97443
88068
107247
13518
51400
100769
122949
105853
94053
37014
84338
84145
59181
100143
102439
74736
8024
108757
84095
5755
69366
110217
31971
82968
22590
58477
32621
43414
85665
16314
7294
39070
76016
34061
19397
25466
115884
9981
13756
40573
48966
15125
50378
16366
89977
79537
92846
120667
101823
85250
121671
50415
11540
46248
119497
112013
117877
94126
68596
42056
20498
65699
8174
10032
42835
5111
38072
3909
67164
114887
83678
18570
72323
108587
70984
68605
19753
72332
90963
58100
70266
99638
69764
28253
55178
63218
83037
55142
673
24397
90896
48735
13240
103531
92923
69812
69729
111348
36842
54444
37834
62396
50091
24479
5205
49083
59596
105657
94959
117222
51688
123068
105046
102121
27065
19093
113358
24699
1719
56447
8378
86144
26104
70792
66319
73786
65892
47548
88782
27539
5079
88677
78168
53828
62178
24409
110819
118314
107718
39662
99413
10205
42006
118549
60100
18505
71622
88186
9771
49657
41096
93773
75797
5258
87496
91076
121940
119045
14514
68403
35829
19500
116494
24849
68599
115735
67969
55519
7230
16391
28498
116193
70515
110663
34628
123296
119589
120588
53204
120629
83692
1582
82751
39483
97411
47663
92811
86051
28365
1100
99976
66555
98026
25287
6760
49802
1363
83325
14698
91318
87699
55028
61561
4134
77468
100502
118796
80284
109250
112091
103206
102871
94486
50647
1200
98324
20307
69420
115413
82415
46369
100128
122781
63227
100666
113664
68190
80542
1687
13502
47592
75445
103114
109923
41949
100895
109188
89408
103514
42069
63991
96744
65580
38413
32163
77327
111816
14201
78790
33604
104871
117614
70498
101506
90110
103991
71883
108611
101721
101340
31859
113752
32415
101470
11489
85875
45031
116658
112865
94988
35377
40068
33273
7046
77008
45964
62934
50660
20269
101608
18179
74403
82126
21469
87029
31518
115742
63764
14985
105135
120978
61036
94244
117501
96728
72926
31484
35988
115788
92881
102057
115598
66947
119702
78805
101582
123028
82245
83781
26372
65354
54949
45015
17174
29164
8301
19662
106305
51925
119809
117271
9789
72616
7571
76798
90049
117850
9511
69583
11047
776
57019
18918
58974
65526
56545
104893
81294
60088
25998
21228
57088
101128
47897
28682
35559
36198
94436
56048
80240
51653
19149
47418
92935
32260
106475
59067
83294
1252
72466
113162
42167
50062
112582
71744
96316
58077
74083
3233
74767
123443
27646
92919
30228
108240
23929
106330
116735
36862
121539
87194
88270
120529
40581
99459
86957
16161
77774
103384
75824
45860
6204
109980
115759
88945
68985
32562
71804
87928
73015
18855
77832
72723
2033
90863
54892
36267
67784
64516
97378
28758
7498
73306
30558
23699
112946
37368
92808
120517
5032
19563
76084
79224
22919
21254
27390
112783
18377
21494
22887
105952
21701
91655
80245
14332
88961
54838
46039
96828
73771
90372
78152
61955
29189
15557
35248
131
120029
98318
121125
107631
82860
100389
33910
68882
70764
23006
88758
27853
27752
54550
18584
104166
101407
5658
68115
55405
2757
9730
32306
77354
101210
82618
50583
109961
49170
9071
11846
3133
107690
113626
21858
3297
72412
110102
122534
87662
95423
9572
10779
22163
91607
65428
48305
73303
84709
88395
61916
121454
65173
51521
12221
12837
13989
100556
123094
110227
65669
117181
3122
94073
56915
92030
4840
43908
72101
7092
45727
34899
4318
15537
111580
62097
119790
108840
37020
93206
74857
86324
61390
78752
97509
54706
71916
91084
88759
86714
40259
117170
83576
38484
6405
110966
44013
79648
56117
27987
94439
99904
18254
62749
52780
39895
12757
63006
25628
112012
8263
64511
24691
96306
3813
75613
54895
64026
20511
27636
119231
104624
109121
117063
47707
29707
98638
59140
47494
32399
32916
93124
82441
36713
24887
114616
49988
123022
33570
11584
5790
3943
56130
117973
26806
11255
99188
53044
77524
51026
94929
48660
58738
64019
25060
34561
8072
91952
49220
118403
5630
21768
71873
38688
107624
76651
122966
2457
80435
63083
52196
11341
6199
67270
87743
17197
114879
77112
24558
29138
50802
63783
79271
109477
77168
17304
2075
50239
25877
40959
18847
82125
89328
88805
52089
111836
18127
98429
50858
123167
95714
35196
43728
111345
82879
53693
35148
33122
16595
1550
67673
42461
26378
99484
113452
86038
87960
9360
32121
94117
47232
109576
27501
57193
15056
77889
12455
75185
119677
74165
66024
91783
100665
48322
45904
61309
42321
35825
74802
83082
70655
43734
83129
22005
92552
90476
5403
55334
81702
9711
47915
34706
59813
37842
49766
6191
45793
68231
18023
116731
34971
37437
107941
23018
61938
100950
15050
34649
102435
85801
35789
24717
22752
81797
13032
99937
114194
42804
19444
46231
76190
49243
77476
76127
24680
111620
16734
84221
8672
52052
21765
117070
89355
42287
58666
75270
15856
62990
39250
35200
6246
22665
38421
50798
44147
78282
18756
54622
114949
121866
91577
58728
89373
31729
22257
115198
54059
49724
13985
49706
101436
61085
82206
86735
32015
106858
29882
42328
75200
75968
45562
29880
72104
71629
68049
53886
86591
100835
42792
82264
109003
62649
40998
14555
70943
68737
29341
74249
56132
10157
123031
29886
76545
122082
108507
85077
18821
24929
79295
33066
115688
17926
23544
91522
50499
11298
79366
115604
26597
51611
20145
28078
97408
100768
97761
12108
79358
69119
25916
28699
80012
65516
1094
83486
667
14559
99977
48452
91285
62526
55750
53910
22312
16817
40671
43598
117887
30035
65836
11551
10785
89206
2106
4286
79482
75151
31348
41297
16851
65833
63690
41111
36639
49983
46929
79877
76621
72123
9021
15862
91860
53358
26163
91799
66340
7706
89859
100646
80523
69691
34091
88820
118596
80748
13247
77135
72565
106235
112953
16303
114761
100507
59443
66063
90706
17195
20279
120804
2824
48649
56039
7671
55599
86330
55758
53928
46641
35647
10745
88997
101809
48346
44387
66529
96585
81476
13500
19968
85459
4846
71384
79025
10889
73249
55420
3049
103765
116742
68339
110353
105101
61270
51431
45294
80678
62704
27518
55164
3698
3246
39972
46579
64616
87088
98045
4924
106067
35288
116023
72296
42413
38191
110324
85502
3132
13420
21200
68870
49255
42381
115721
24498
112200
74129
122955
45520
9114
32347
98341
51372
84604
106022
98648
13531
94318
95685
55000
86525
109667
955
80848
49238
39439
7310
45076
16786
69588
2044
84308
82761
53866
37069
112432
22720
66094
84785
50746
38551
111043
860
13337
43896
35178
27150
101613
117827
22328
29749
52558
117408
78613
103736
26334
74594
104171
15710
32839
25496
105424
74780
50458
87458
36322
94153
8437
96943
76572
15420
112521
101549
77370
59751
114970
15388
18866
101542
87789
101449
25396
12817
66909
34207
109359
7700
105809
108283
76806
80244
108132
115886
107456
4585
11144
3253
88885
7248
55341
67683
21992
20106
67798
7718
68995
113825
91610
120698
90624
100490
73549
7921
116507
71565
59952
78929
29776
44675
81039
79821
105470
96690
32334
103748
70815
65994
25922
120131
78683
56253
28859
33292
66650
27838
115972
100054
80627
42263
4792
77265
120584
56581
94230
18164
37046
104578
19545
71457
112369
30030
13227
79736
63210
93833
9212
79414
88680
50776
25690
21806
8362
36455
23656
49377
80175
23222
17499
33993
84630
12995
87487
89242
50150
111635
74565
87328
44132
109665
10822
104959
60863
112302
42210
69114
96159
52499
113599
111659
112856
110876
105459
86982
64952
25339
33524
68201
57083
34069
33159
79524
122719
1499
19412
72914
51830
7793
81845
44750
42922
52083
32487
70218
12160
34285
12978
110269
79879
20821
100014
90531
10395
23273
108350
112359
105915
82455
29751
22292
20689
2694
92921
18683
16903
52185
59991
75357
48156
94043
41242
10707
28524
115635
28118
17010
2274
11023
103472
113937
36026
94135
22460
72143
26090
65674
107101
34334
25545
81063
86820
111030
94255
3790
48894
85400
111512
75157
89959
30359
116842
42772
107710
110547
66007
48465
53529
112780
83970
84961
61322
64446
110690
53165
9602
27922
89992
7787
7701
121901
107129
77703
101045
104779
55520
121313
68865
83180
10562
6022
93262
23882
116202
5578
115650
90855
114530
86290
54618
22107
111419
3083
83786
123268
72313
107173
51083
20121
41422
26860
75366
10378
62986
18825
93996
47620
12422
42087
113966
44564
30004
87043
93590
119865
9933
34605
15801
21110
40093
88771
119628
120979
91972
57248
13075
39915
9581
35486
42665
28373
112570
70057
52446
55033
49018
29133
92358
67966
98433
74138
84177
18392
7263
19551
22680
82963
21622
97568
24524
83715
44883
21189
46576
39814
91179
105786
64352
37469
74335
87629
18322
88425
2374
60358
73290
4487
103589
35716
102041
114444
47106
106853
109349
95477
49859
21078
51903
117996
33906
79322
94535
13981
60377
46522
29059
119311
115243
38263
121244
70729
122313
78497
38439
98555
84819
118848
68980
51450
38900
75000
76734
3914
14372
111835
25899
75712
10234
9237
76105
118010
78013
108060
72480
50551
11636
38516
19790
70757
29612
65427
83351
35067
111463
65080
90836
116796
56818
785
59378
91646
96293
51181
69468
7993
30946
91392
109626
80206
57473
12000
65036
107759
103352
3449
44562
7065
69838
95072
121895
18526
12501
44689
72505
87453
1728
55692
24265
66279
109891
119671
91488
363
79163
85678
83849
14549
77019
5414
83485
62131
60472
115843
32545
40404
88407
117148
2490
121856
32548
106105
90555
6010
36662
21867
83279
17688
16653
85757
15273
117865
76578
118056
19360
28738
38309
40074
61380
105567
87357
26059
89428
59243
74252
107682
119538
37653
61133
64449
52491
64658
117253
3645
101349
28745
102281
13148
58325
53808
82062
6815
109625
64493
67880
45079
119340
58413
33017
27165
46427
109894
67194
115082
93049
60373
86391
14585
80217
68655
52290
94453
51649
83650
106804
53869
4859
19239
31868
47109
3176
17951
12061
80962
71429
103126
105181
114832
67043
76315
108025
31767
23304
16412
92775
80052
108592
101418
97164
116340
79319
20909
46429
45969
78416
18207
14096
115554
23150
61286
32723
56839
5283
24008
71269
92099
53661
48813
20633
14830
83406
3219
98032
116439
91264
97907
54231
96185
6254
10886
38525
39277
18791
28516
6519
118130
98715
8699
39926
21985
56202
111721
85814
16944
78274
75639
53895
45641
60173
61486
86327
119270
89108
14814
82247
19923
21655
60080
78001
116160
96534
46838
68971
90567
74633
66496
94305
91905
61394
49944
80131
14235
43663
30236
67138
84446
19010
120298
38115
55999
47336
15646
115583
29856
39937
100787
37279
57740
49485
25993
88297
28562
2557
42383
62723
18706
11113
92456
50578
83077
510
27222
119525
10124
119733
26659
94698
58557
35838
82484
55552
112652
41451
118083
18765
83518
47017
109599
118453
122830
50961
29136
95322
42556
71133
50099
30075
63337
74542
121756
78257
14780
123076
119426
98888
101564
113165
60301
8415
423
29266
13774
105507
77937
102201
99138
5058
43477
20040
13212
72271
40134
73672
70359
63870
1466
34948
122049
18643
35259
59545
36282
57269
64989
110829
4444
120908
64078
76042
16075
44438
80227
113345
37268
48694
50154
83329
7495
102527
28627
67947
70810
74243
40636
82910
29036
27400
111228
24957
74240
37455
73119
26015
110045
54657
86861
32639
109110
80771
22667
93318
120179
60812
108543
60147
8959
106453
118833
115298
111501
80422
79246
68293
109878
15795
64873
37471
53668
14224
78113
113196
42686
78213
36711
120100
20550
121663
20654
63527
35399
29948
101205
83426
61015
21950
88839
37080
93667
102209
116931
4073
26283
19084
69320
53347
47162
81825
68303
60315
19092
30787
96638
108209
101394
122221
96968
106857
78412
107615
70677
114726
107738
49050
46974
73364
66463
10853
5517
122838
122709
105455
98681
97957
30405
105616
69063
55136
94147
35946
42007
15545
122876
116284
103170
69070
47391
119080
45986
12200
80713
5370
22548
113638
68333
45353
27440
67986
49510
39378
50393
23799
79265
7511
119717
109993
110470
75641
33386
95648
29095
83488
16869
33114
117021
76460
31228
4968
62031
61558
44118
79873
81712
104656
99253
32800
55968
81366
71413
112103
21450
2631
22757
20905
24344
99921
74090
88527
32601
37466
56101
102749
63193
81200
71008
58926
39119
68242
46543
102920
105683
86697
11733
47551
111640
50359
50318
73125
34771
71869
34177
56301
29537
89601
3594
24951
10110
86689
31772
7540
115250
81280
54594
104960
23816
17735
773
22197
80958
108544
11121
96115
92680
123209
94591
71742
21853
59735
92036
56996
39876
64679
113944
10301
111256
64888
70708
91773
11822
35738
86049
101578
65056
59658
82904
45307
110654
4095
69436
50290
107314
90696
6782
26716
50461
62962
70287
38352
18196
31359
34162
120902
8287
60502
39891
62359
35700
35187
115235
81560
21471
7839
94932
100153
92389
64369
121779
77776
108822
16609
69096
52822
86311
88430
62125
3479
117632
62246
197
95847
45604
81099
76887
123383
53845
119348
92163
103946
110379
21438
13534
92131
59688
9184
91575
24171
117993
95744
5470
118492
26853
14452
51609
73262
66100
11042
35641
91441
55760
38668
84635
94580
98070
14556
106850
101800
74161
88192
90640
96004
52660
16430
115645
82394
27250
41740
113512
28535
75714
57377
94543
27828
104650
78158
38302
104173
36439
120469
59249
7477
62856
58211
64172
95219
103147
62218
100694
71603
106870
14203
63433
38968
118913
118603
111
37113
6163
76567
11804
22511
61069
35522
84745
85683
27667
68367
55785
36236
105665
119938
85945
101969
3324
90877
6856
19652
8708
116218
36488
78956
1101
18362
120315
67392
103621
15177
83471
95133
31378
9295
3806
2343
34373
101553
26890
95638
11568
38937
15904
34743
112095
97909
16372
60251
120832
62442
5482
48554
11499
15145
1316
71391
650
91995
9441
87213
46389
121706
112934
87841
60631
112483
112337
67019
105886
112387
65025
114937
107632
86988
115764
113085
41216
43795
76307
29286
23941
105029
111458
26210
62600
60300
17935
122693
99374
23164
67134
40287
22251
64194
99016
70978
107276
119431
73927
9539
118933
53120
118138
68820
104457
119767
3360
37818
63974
35406
7824
81211
91241
104429
107163
115206
48993
26228
64155
88047
96268
97253
25554
70578
121549
55250
29291
17338
118249
103541
13933
45826
74192
91581
51520
67728
6305
59221
32967
11490
74775
82580
84447
97832
45967
9635
86256
103376
68680
115192
21979
65613
19600
2130
7254
4402
113009
120585
46843
62567
94866
66238
16585
47849
81440
50627
106908
118850
55646
82205
85246
100233
71517
72590
91424
83684
50063
78702
38675
118512
52506
83207
120089
4661
106302
67791
72940
38454
27486
76072
60440
37860
39670
72393
30963
57044
82348
23974
12931
26406
108091
29656
21908
71394
100689
15286
114964
63968
49231
10382
26879
68789
22175
2749
6907
116022
5734
87865
61529
44635
86679
92238
41193
83918
64827
1063
51837
6871
63689
28169
68090
70736
49787
60351
122264
47670
23431
90462
33137
90790
41034
115969
98692
110844
42293
96365
32180
39776
118433
46470
41565
5809
62885
73288
40229
70080
12776
115802
3736
77218
68760
56741
31544
13313
65506
72899
71752
38441
41940
47781
114331
35554
19669
12027
28845
108515
25162
43805
40551
39963
51210
7231
69113
94432
26570
26476
40374
53526
89591
62599
40160
93468
56114
70143
51027
15078
100217
90776
27954
38406
3071
103798
110350
44929
56200
71404
41978
60518
7601
59834
71958
21624
106258
68964
24080
94607
15188
45003
11945
62636
104009
66936
88372
42114
29105
59996
10689
82449
40526
16225
22165
57563
77635
98686
55665
1358
104651
37450
117941
110662
67162
97333
18334
24394
57097
40164
305
81488
83658
73541
18193
53343
12561
105430
25277
60308
100513
89345
120773
35952
18558
24322
83820
66422
83130
97698
35147
104418
78788
78051
118079
35056
94061
61810
18549
8429
83239
61855
30165
96261
63443
4119
8535
56329
75278
28185
20156
74914
75950
96351
67589
101667
122318
61191
33873
35788
53837
9427
122417
46195
77582
41803
123450
17611
94401
17744
62887
108226
94512
57034
117069
50247
115686
71601
54596
59497
27829
74841
90294
24039
45811
76391
85310
18464
24232
14379
111093
81157
66664
101958
78022
2291
22349
115872
5522
8570
81067
75321
107296
14359
109604
100591
83110
116343
44047
84052
116308
111881
15515
113349
40841
58236
76181
72924
105588
33713
16704
101645
63484
39836
61596
33752
118217
108926
105173
111390
35203
66248
98472
49435
100461
77334
109263
37353
44932
93629
2491
3719
33053
70676
36509
2731
83700
59197
97786
20571
80867
68941
4887
110460
67688
23658
109355
17624
40013
29273
1447
81916
123219
34839
80106
108265
74021
53518
89490
119162
86414
97825
101231
37347
79376
100500
116563
89688
5152
28514
121106
35065
14638
81625
13063
109193
54952
86271
54411
20100
85583
117116
92693
86981
100635
73224
85767
21010
63288
100984
110598
37166
59305
15146
49812
100747
2280
23072
12013
27935
49160
82706
43712
77860
65517
39424
61007
7645
26935
58323
11130
41915
36478
90073
21012
13992
49431
76291
105228
12685
84589
14587
122735
13115
66686
117602
29137
26448
110398
22793
2267
104483
79968
5583
19799
42209
119674
59878
2515
92572
25381
104286
31405
98405
92483
85992
119752
42000
51597
17280
49826
101635
104269
17943
6855
1105
68832
2622
63452
99091
64353
41581
25030
43534
79664
34799
64700
60188
32115
118233
59857
21285
91190
48295
57659
35601
62919
17217
85780
95474
44421
64971
38084
50809
44159
115632
6078
29971
2187
21605
89802
48979
111688
69355
121691
89246
104917
41671
50512
30908
102989
29895
100661
114975
88492
112097
100554
110563
11197
31185
90822
14496
30938
42187
71150
105309
24530
71191
98639
82344
57803
120356
88325
1377
9419
93788
25219
16312
118625
81854
67200
67383
101021
121879
51444
76275
30591
27491
16546
60140
35620
60387
58991
91342
94141
106996
72448
93131
57820
12915
46611
81040
59809
106400
48552
32122
6390
83038
74732
116971
82537
94562
107054
39936
86492
122787
97936
113318
105726
97972
43698
28652
17465
60979
70880
10050
122570
10389
3490
64111
22656
64797
9975
30143
18138
21308
93685
111396
116025
95724
36966
338
17141
16573
58559
118060
105991
35509
111278
72354
110119
82085
93241
82581
70203
66462
75963
49862
74760
89398
99440
114894
30036
90271
88915
105890
9980
51558
66453
35099
90737
113509
90864
40376
28029
123424
38440
114947
20372
112663
37931
4301
82116
41356
66391
49752
49596
66399
60675
56454
38716
9254
74479
92168
82315
80847
48610
51603
93289
46826
44035
59113
123199
41628
50072
105242
114995
86371
19509
52263
89391
118753
32640
80992
107443
88906
24920
112210
33696
97234
47401
48884
82569
2455
120251
10224
83177
95680
15577
14575
99890
76990
64433
37221
83349
2359
27125
48546
102960
113768
83192
97052
3423
68028
18566
88590
99005
33695
87361
42116
67210
66980
18406
68253
61325
116811
62233
22044
85983
15926
117470
67510
101138
34910
64157
95092
52455
70510
6885
45475
20022
120738
37995
76542
13984
79335
97464
105983
87722
110158
20051
4127
64964
61247
31570
69434
81571
57575
103670
89306
21093
47558
28828
115629
937
9244
7110
51804
37847
31966
119907
43567
88076
70422
3290
25228
99308
115226
12590
71660
15347
107126
29417
35518
31097
59601
22451
70011
47429
89201
64838
60291
61148
109154
21941
42076
2640
84390
77417
54004
85236
79009
5757
72813
70797
108116
37866
20193
9151
63816
106707
6518
6588
74915
54942
24132
37408
59846
53377
82319
49704
8018
30803
29585
113166
92129
90118
69300
117674
54474
38679
79676
46296
29781
11818
120538
85800
117553
23961
90986
31342
47390
25794
16939
105398
87907
17275
123197
82040
13656
113967
93702
44316
3068
69697
19583
35969
68965
59964
22256
90385
38929
26727
14843
47768
6870
37215
51218
41769
38079
35277
39004
73284
45198
78083
106155
1220
43653
118574
95739
86348
43541
48397
47436
91501
83451
25312
70340
48599
110786
61361
100375
22482
116385
2542
65772
99535
119328
85035
106584
63958
17720
1126
28684
34059
120861
112744
67548
77445
94875
100398
116355
94396
49192
109022
115150
3874
109088
122817
9967
59078
54772
103648
8722
36795
54980
63423
78342
121785
112195
76730
110811
78798
68105
43170
121634
81352
33090
95820
99082
21807
107025
13055
95320
104690
99973
83899
40278
18478
63041
47964
98617
12645
24695
96693
15194
3044
21766
94995
42780
24922
108149
93528
109240
2535
75522
46678
78719
62034
21932
76178
62647
32576
559
103764
31955
29564
12001
94249
3725
96035
115852
6447
25515
75148
20112
119058
11516
86336
11625
5119
95329
88912
85793
45540
82143
23690
46719
116753
19249
81073
34194
57165
18378
37169
3504
120725
96536
66144
114185
102471
86367
9627
89793
43515
11942
76854
85050
1749
23290
28440
100637
31276
64722
118116
29795
15189
65825
25018
77463
112945
37311
123115
28815
28642
6030
29131
52053
43612
104337
85794
96436
27024
34158
10948
98350
7064
74075
63604
90393
15429
84600
73685
17985
29129
62550
9611
86297
20034
16244
84855
20203
68554
108712
55070
13143
4599
18770
9963
55913
36556
30486
82377
38746
27903
55560
117575
121764
82970
123401
41248
25433
79402
6244
86768
46091
53018
70222
59025
47455
22248
22546
96206
36963
43148
436
97649
64167
122213
11989
50863
46403
12472
8435
35815
