89913
80457
119598
57679
37959
51906
92270
98615
48944
30419
98279
47282
108928
21445
109486
5004
78877
25879
24562
53186
29221
6160
2421
64411
70603
122331
88110
82288
96087
102841
101303
66184
10225
101568
109896
122267
11456
92406
3905
10757
17345
87601
47659
121824
68649
103966
101269
46505
69233
91015
91142
93896
27114
956
71573
66459
118586
110095
87021
33718
71850
89978
13752
109804
16322
79221
6432
68114
69171
19336
82005
24172
93691
119898
70790
63038
72569
23493
3506
112265
55034
20801
989
20413
11686
82563
26986
7777
39627
117530
6681
100002
88903
119559
34973
13208
108165
118247
113259
115960
114738
79972
76643
119482
37100
14885
37814
12723
16076
23725
6943
23107
71071
15067
6900
64000
96976
58627
47810
12343
121586
117986
60758
18629
50350
94458
95498
40637
103663
73316
51457
56681
88208
935
1705
632
29796
32052
106077
39825
108434
56211
107894
11270
81459
66766
50371
87077
106085
97047
9426
4158
107309
16955
19945
73978
78024
113486
98894
101359
33302
69550
40758
76889
59877
99900
6270
9526
58459
3361
19363
28855
76113
48634
15844
106278
59935
90317
27531
14299
101781
5020
86750
118708
113040
4189
8759
54558
101911
50926
33883
72373
99025
19627
87895
45232
83335
13071
88281
15915
92219
16288
5548
59516
36111
122394
27417
116737
80485
118601
5221
94347
65733
50220
87954
113188
90857
29143
36495
97605
98200
30999
99771
34211
76573
86402
64856
33369
48027
67420
28759
23535
31690
34240
9694
15555
31807
11075
74909
104857
75916
48511
6768
68998
81370
50533
122481
52302
115968
3481
86241
8254
34201
3728
58405
91621
57008
49544
61672
93025
123203
60480
118851
69589
29744
3110
114397
103464
29735
70373
116488
111573
103911
46501
40142
77007
25181
80067
6659
106381
49939
122184
101254
7431
116356
75387
36951
122893
111945
51849
64004
79593
52288
1574
90350
55165
61276
83122
3029
122969
5435
41345
74520
29188
64153
77588
28876
52819
49711
35584
48496
111485
17361
58004
54020
94371
33337
27902
104817
109723
82698
58408
70572
116649
117879
13642
106145
35355
93058
36372
69453
39271
8603
35530
10164
77606
102453
42959
46577
49873
60134
61626
49331
50001
99718
24129
112005
50916
104520
17725
109441
55439
101258
7159
122229
8364
5839
14152
52461
113195
52177
102155
27106
103819
30943
93133
55333
45145
115522
72579
103434
37570
39125
119599
77950
113669
28269
58110
49583
106111
78097
95610
39490
9675
73004
97856
64672
116457
62014
45325
76058
46800
64571
56269
99011
7899
115860
42861
118675
71378
31980
14101
80645
47767
96915
119831
33843
32743
1852
55423
53913
35978
31096
79251
118623
64669
33366
23876
68484
71316
56175
28996
63953
27131
76213
114078
33866
42379
51523
91966
18522
119428
42683
48302
7696
13235
51907
34665
30516
84828
4268
41291
123159
65906
79236
16699
79174
65438
34574
90587
98436
78814
116832
7178
31633
95533
66569
53097
66891
86396
48066
57052
68179
80751
20281
29233
19234
47387
91716
5644
59062
52849
93431
81163
38012
98103
96347
51943
75755
93578
5291
44776
45620
85341
9203
38873
8581
31245
38650
39459
104487
117630
36624
79259
41169
76698
69768
82004
117516
78354
27686
84728
92720
113939
70713
122819
92110
54752
42019
4105
20305
79626
78969
13949
106266
31042
34445
104671
14165
120043
50493
121276
77785
109569
105449
16096
32981
74890
96251
41533
42571
121938
99245
8871
67039
21251
43115
121221
50706
120827
49344
53863
104214
30972
15186
116005
106159
68398
1495
17239
67630
91187
36735
56338
27718
46598
60981
86822
107418
70863
81324
91022
66676
23262
45725
105943
108186
120828
12885
2399
119004
60132
18590
19845
121124
65600
121810
52934
26306
66028
11801
36126
34390
58103
107420
66202
117950
48601
118960
3562
107728
98404
78000
24288
112587
115315
74230
9187
120231
56534
23068
19006
112820
31327
70246
105493
34840
86307
83054
16030
82339
12371
56013
60926
46964
91428
39755
2767
95710
23822
114816
29951
28113
105679
58002
52742
75931
100373
73403
23335
82993
56196
83421
61821
101856
78768
92448
12421
72954
90805
122014
55446
57760
80132
39552
80693
26654
55019
95388
95383
19170
75050
17544
36649
21039
35014
55700
15053
55504
112864
96971
50080
41085
76864
36918
87476
48367
94386
67280
114052
97232
51278
18536
35800
72248
60608
18547
86927
21312
114238
7441
21356
37093
81843
84201
35628
50742
6798
29909
5890
107750
94695
76942
49161
74041
59283
35475
6555
6194
21670
30108
28563
12299
90446
97423
42561
27276
120331
113749
11766
107257
110704
87352
116482
3782
70338
12143
61732
111591
1827
4865
2514
114157
64001
45742
62846
25948
55317
88399
62009
89534
58965
24685
45928
60196
57932
67852
49521
16149
5876
55421
105736
68580
97181
50390
37632
59239
18818
76491
6910
81895
99898
8299
72992
66196
34033
119999
113580
43613
56026
73120
22728
96565
108677
93650
37317
91000
32963
33397
9280
28626
28159
33488
25184
39019
56011
121580
101631
42149
38390
31757
79989
106041
72647
64706
28131
93637
100780
73118
32318
28375
24169
73989
104638
46245
75725
25283
20037
101998
65787
2708
15893
17766
63885
59611
9291
9059
77209
8862
55779
82595
63051
25500
116701
36310
32190
74900
69462
26299
33651
14806
76416
24577
61954
38150
110251
104788
86721
66044
28445
106474
9682
26979
61949
86464
104677
32695
23572
97886
51017
93974
88238
71720
106600
68707
63107
2690
26551
23863
90994
106985
5907
81494
116159
36195
63966
23578
60661
78221
14344
99480
34552
118477
49144
53048
80688
98
8159
59255
63591
89417
54600
112932
31898
9133
70166
910
18642
64200
101178
95102
24855
64218
51079
103920
42581
78691
23857
89831
26174
73335
25904
58935
67994
41578
118135
50913
21442
59082
117885
96560
40976
59033
100890
101898
90155
85195
99998
117183
81662
69600
88582
66372
7600
37302
38902
46499
22176
23609
65381
75002
48520
95730
99038
74595
6591
118184
46734
98211
11486
44590
98748
10970
68107
17773
34491
104904
100155
35854
76009
40679
92436
46744
108219
98743
10123
33722
55459
82780
47675
123200
57184
48185
55757
21291
29958
27833
49204
4089
30058
63712
82265
32342
91628
72120
16437
82087
68725
101272
81776
62412
54092
56194
28431
80979
91968
22223
57542
30059
82697
91542
29922
68428
26628
64633
43941
79394
3336
108943
6348
17131
88279
49502
71683
3947
114437
79820
106809
63234
46558
94215
74399
107338
5060
71708
103739
70330
90301
66333
112002
28134
18089
54264
32082
9182
110091
3968
112497
22003
42757
75786
67779
78465
89558
56087
77888
61439
29791
22271
75860
30329
85152
4554
77840
35096
86599
59856
27596
37953
71450
26611
64139
67652
9113
17176
114445
34467
21473
108138
35670
115065
119301
43594
53445
121726
89888
40240
81932
19473
72414
20910
61296
6844
26948
66886
66227
21144
49515
52305
96983
86211
97214
1774
84952
5037
115928
110703
27450
75735
41009
111605
44386
71902
57894
94246
23511
101649
10999
18202
64302
63239
3632
6510
26539
16438
32148
14055
21863
87203
65533
2630
799
101078
56319
57477
82066
2341
38888
52168
91659
40689
84213
122073
29046
45207
53393
28311
113962
21434
94128
82063
120367
81739
57768
6677
9889
86190
51885
87218
89198
16301
74051
36166
80448
66326
53320
17242
48985
47091
85464
53801
47124
102310
12814
72088
101878
3522
47159
46121
41617
65873
77045
5835
91727
102664
104591
48712
78044
49226
120328
54785
82366
36093
85080
106696
17878
26122
62011
114069
26293
97977
93946
61757
55889
100078
99182
110082
46377
11160
49304
31410
18312
61200
81588
69876
15666
100560
46164
63217
109722
27055
6178
52631
54567
53726
87237
40387
104358
18411
8975
39352
22890
45631
33509
77040
64062
25754
6635
65385
27296
86580
30476
117992
69191
46202
66989
40450
77372
58056
98528
97917
45750
89519
52921
87278
69707
96327
120205
46235
113675
60539
79374
94900
28367
92637
106816
35820
88184
55024
20792
111418
69435
41710
109194
119563
37425
120508
103655
67900
10452
33953
95082
72807
89308
66620
1842
88717
73504
26682
118628
55111
44529
50976
63102
16028
104453
42749
35884
52108
107034
27523
63225
62439
80362
85976
14498
1656
79763
94397
32860
3288
3491
73225
64884
107613
58585
47389
10628
109688
88528
46808
36477
107367
6861
100581
74557
75851
9004
20350
90312
81737
104800
48916
64307
70816
121398
105266
1532
3061
23103
7666
117232
36796
64705
68634
81245
83923
94008
29510
79644
38980
48513
79952
75078
60511
4026
1372
51841
121964
4172
7986
52663
18385
94471
65454
14003
43577
59567
9020
45105
20284
49035
3304
93958
32145
112358
117419
92419
120192
4309
18029
91026
44910
62699
75444
107222
104555
37004
64007
66966
64268
99845
113729
45238
19605
47978
18576
110263
29228
15905
117564
87177
80955
4779
108980
53914
48048
110453
106776
121565
92592
57981
40486
93582
41079
32292
96391
85538
93157
85551
30940
93654
10585
28154
7247
95878
91615
1893
103235
20625
122198
111451
20536
109231
112198
97681
7893
67981
65657
31091
6781
18971
122107
16330
34269
72484
86534
25054
79749
121198
68103
113299
92006
117944
49836
18728
93244
53272
91731
94388
91459
76793
30038
581
3851
10949
102680
96763
168
94810
48643
68244
52146
14278
25375
83594
22848
27218
52429
30590
79723
93395
51768
60730
65124
91665
122067
9243
93851
65769
39118
117147
97088
67303
58389
74490
110924
23374
76803
22252
12072
105941
10410
116609
61457
106895
116588
110761
23796
100986
122870
29420
26186
56448
69304
51937
53019
26339
104322
67707
115900
38780
4383
82208
110191
88917
96569
66563
28050
81140
11266
89897
4826
20624
34197
56071
119303
75461
73608
40417
16663
50666
87497
95596
75028
41547
105336
61978
71410
82342
80342
91827
89990
121542
102697
26612
84621
15773
58373
70644
71350
45930
99572
92228
1293
47699
71405
5896
113802
89364
44133
59440
108408
14232
64010
41541
99593
35298
52939
15504
89584
23070
49114
40252
95803
90764
73347
9901
112076
10555
99983
107481
108527
45317
102277
16875
59570
56139
31087
42180
112341
36706
42283
65986
73487
100096
12093
99680
84868
110511
36157
109927
97896
66324
67191
118470
67490
72496
23312
37030
121288
29295
49884
82074
111330
54750
83142
3242
111664
94898
14821
11275
114104
107534
81613
14769
108429
20569
118958
38701
32496
8091
89580
23651
1598
11296
51528
67169
57291
113064
100622
19803
97504
56516
30088
89554
42831
108838
82525
82387
34078
54837
70924
9289
98230
100949
63862
64283
115765
14060
90630
61640
37363
77548
97016
68689
56874
92832
15430
24629
96521
118655
83260
91336
7425
109039
15402
93466
80885
9974
22609
76308
108245
6036
7275
83729
27199
56946
84255
24891
60155
34227
109633
25404
79382
53947
5531
74300
78079
87247
20701
2741
82158
33019
73634
54730
116886
66376
75658
54438
100429
13845
94805
83288
2500
103106
93234
1428
102594
24278
7469
29181
97595
16771
109818
719
31953
18249
24030
38512
44352
45061
90829
91626
3097
9437
41668
105852
48028
7386
59343
109702
116296
9829
64211
92796
12075
88125
103415
52382
64089
27519
25578
8302
19939
90911
89273
72303
31131
75333
38488
39482
84997
11005
69699
94544
7388
46274
98923
46586
98468
39913
100079
109137
19277
16250
89599
11338
46456
40455
68097
65927
49224
25343
72454
82504
41294
71917
53994
106173
48951
15637
88391
76821
33268
85179
120614
106191
13783
106771
2124
16865
83550
5433
44548
25884
58765
46419
100843
36552
84001
3272
45713
40899
112713
22301
109360
112957
17914
113995
88644
106496
56523
66605
38661
42637
62409
51513
34730
21370
63178
14147
8522
26571
29156
15873
63354
107088
60839
97178
19899
42569
102615
35484
39285
101997
83124
106828
8741
31389
26461
45552
100631
56290
108475
32980
70678
120183
51728
122899
73619
98910
43834
121995
39863
113568
82308
57247
9814
24878
41737
113621
43794
107818
73226
2087
28621
102246
98233
112825
59949
78671
43602
3713
80928
93593
74334
25352
86238
84157
118111
73543
26555
32240
46895
87208
17262
110526
37777
100758
17427
116242
107095
33567
34250
7494
65276
31533
19812
46314
77735
9042
72049
104299
34993
2149
44334
898
77138
1327
79184
98733
62589
116429
115769
42485
30187
119055
82710
48701
14272
113272
82094
103579
108946
44068
65104
105857
27424
100586
34818
61065
109678
43126
62692
19181
67822
50882
110823
19629
58573
57957
77990
67130
37887
15715
28837
76668
20764
116634
3215
116896
110725
42245
60115
106421
111022
38167
97342
39975
89620
105182
91219
55190
121089
1794
52373
120185
48665
27866
19549
48357
88700
5132
21680
93448
11669
49565
91852
78711
23329
29247
65298
83701
12555
100963
78084
1207
112325
119697
25807
41589
42509
98890
62243
63623
74823
20851
35779
105332
84837
77221
46463
111716
9905
57491
79852
92188
115520
84092
119583
4519
86471
75236
113922
2854
119575
18950
90010
50537
5564
92589
92878
15182
32152
111715
109632
11454
92994
93903
63111
57426
11104
16155
93863
37336
95057
63608
75533
34657
43351
115186
52997
13336
81619
85781
93712
117337
38478
7790
64437
67687
46327
60521
57103
61654
40869
53583
105347
30707
115068
71582
15503
74293
63274
73526
122938
1702
43871
49935
101339
64372
48577
74158
32311
33746
89134
6868
50328
81532
80006
78107
115541
44672
69645
69017
46023
62257
78054
34397
69439
90468
11740
78161
23104
54459
4129
65200
55419
37837
88603
61371
120514
72951
14091
97272
110850
108765
81751
105924
30610
62169
118033
90114
8315
103717
90960
106434
110657
52028
9545
34880
40835
77591
48401
51825
31795
104239
9006
80833
73545
81271
60091
15722
90626
7480
49462
21797
19619
111864
86570
61149
64329
69267
61932
10133
56172
53158
105799
72027
107084
90586
17283
119646
92676
63550
94233
23385
3974
53469
87541
97015
27912
47818
9718
78133
81563
42850
117750
79285
98932
64132
92417
30922
78721
28229
77484
70605
106011
31519
25772
54415
27950
880
76527
39044
109524
65339
14926
2928
53251
81425
104306
69125
62088
92771
73764
19520
116210
6442
74
105109
82598
11229
44044
93907
74139
30731
10053
35720
120041
80283
11237
38945
31605
44656
8931
112186
96947
60854
3803
57319
42728
72936
21273
34425
123023
82638
92857
21640
61808
119592
12850
44762
1552
37358
37232
33431
74485
32001
5050
60930
14228
101403
48347
105863
75621
96344
57413
65630
109821
111373
25678
1353
97680
63581
95833
75210
106796
67554
28776
43633
59719
64297
100804
17436
73747
54913
72144
89059
80980
1828
102128
18786
59508
12971
113147
79089
61940
32219
15485
66774
49294
9366
114550
22350
15033
44093
33732
18707
119738
115732
15223
22266
97655
62944
29578
110471
121621
60744
54878
93272
30826
19951
88437
82926
86611
10183
94703
76020
100512
53974
43611
41982
96132
71354
106661
67402
54317
63906
101259
72142
112132
102317
69075
57864
86827
37764
57450
94369
122248
118745
32035
68516
86300
93918
50095
59579
34248
84158
32585
107039
102300
34107
120835
75722
69021
79949
58145
35430
43914
97674
17118
79874
9449
19159
11243
12164
27770
68402
113305
43064
2508
96405
65157
379
28165
40046
120520
9174
6633
11930
21889
23253
55045
122180
95508
83672
47140
117446
58420
33600
37074
87872
82741
9634
114709
104375
91183
68043
97762
7821
110609
7838
75085
99198
38890
36988
115582
87514
33818
13987
37699
117806
20610
117589
54999
58097
121971
73822
65264
16119
94129
70337
119243
115383
39664
24576
101335
41952
59944
116992
16913
24082
76297
26477
77660
97005
22410
60852
83173
29022
107582
85616
83720
96824
32986
80405
98980
64184
33147
56474
66554
104070
120295
77021
47742
21384
98548
30132
34130
100823
85091
24042
83073
107644
58317
62421
113597
12872
84911
121841
6998
70870
12055
76003
46966
64518
53378
25657
109423
93859
105625
41572
107120
122038
92981
86179
121460
40513
39967
92856
30078
96152
41779
116002
52744
57151
19859
58538
7789
49672
92395
59393
66211
51487
104870
33008
22133
40517
60443
80197
110747
1485
101983
34780
71442
5385
1298
60851
49551
8712
43267
8884
109815
98375
73187
74663
20243
91839
120511
8697
11941
108992
99618
28085
30757
2740
28622
98285
91451
88247
97295
59143
80767
102547
82707
12730
51592
57857
113859
20846
56210
49962
111036
44348
8149
22772
69626
85843
85210
119841
83262
82331
58697
114687
113275
116764
68565
49681
33179
83010
90563
38709
82552
66970
91381
45063
62674
23985
96459
110103
37762
34255
121203
100146
94837
34862
116001
15118
10210
53865
65783
120276
54576
68186
85631
20596
10362
55243
68926
41331
8106
117300
64177
26891
48526
53858
66489
117619
89868
53595
38267
52724
36932
111911
122567
31628
120706
83098
58640
54666
15933
68811
24463
119186
87794
51117
98137
39959
62803
64704
28833
59156
79641
50530
64235
70332
29456
65096
75676
19055
70743
11473
77782
83120
20259
18281
115388
66804
37633
120031
93273
50964
104120
112804
80347
123320
33083
20710
82368
42471
3757
107952
75376
101747
12682
54068
58727
86674
91456
81941
32413
25273
50855
69755
86615
44263
123143
42532
27256
33399
61358
84955
115300
81460
60590
118012
75625
117640
43801
62984
29082
78175
17072
80005
39084
67849
10091
99467
16878
47815
54842
19877
51926
113555
44700
43846
85590
89360
50646
120837
44396
86512
49176
27592
91782
45390
117900
115577
87139
53831
58297
115352
733
7961
71514
115437
107612
95636
21279
104516
110905
109116
90343
43950
13507
37776
101389
114763
9837
452
16350
65111
81129
122869
92817
21773
45429
20893
81115
27558
3954
87653
60576
70162
65408
991
98333
21839
122746
80463
54984
8939
37518
113341
84506
69263
26400
122083
90955
116113
77295
76999
57976
17379
97608
113797
13459
91555
71094
112014
74001
118480
92702
49815
73639
21625
79433
116055
28724
4171
24457
27862
122659
118446
60912
72417
96591
52120
112266
115921
56950
86791
107755
46777
950
84450
37334
115952
83644
7996
90615
111425
35867
62783
79698
17643
26102
91046
68671
114105
81767
62563
87803
27461
103741
88678
67992
96137
88941
90409
93587
57643
82554
28781
61054
40814
14516
10199
115638
90979
107508
104838
67020
40042
22749
40483
20939
81508
49124
72037
100518
89954
123085
43836
83371
94585
82048
99819
38612
60677
86576
69427
54871
11141
111233
39516
29029
51233
34361
63230
10753
35455
114671
8627
86930
106032
92674
16498
117961
51895
114138
39880
72694
28919
106898
96981
33335
91917
84387
103088
105404
79405
29031
7741
95740
91071
45570
7560
113127
91011
94851
90804
60120
117352
61569
114732
39661
112048
91696
67281
121631
17678
123282
95265
73458
37501
83868
44351
117321
5245
13545
91052
29468
66497
102745
38915
92686
101004
43074
56821
12601
70476
75495
34291
50218
72687
115762
100251
70433
46066
50831
42607
97061
5311
82664
117368
92930
83976
13641
41545
91876
36678
69310
26749
59294
70752
74967
43778
51998
43752
87666
81072
87879
32008
107717
4184
70921
122238
7214
92041
45118
57150
51726
1689
90751
36421
43083
1393
40382
58316
43249
38736
40461
17251
122479
92465
97146
10535
9976
49604
77210
33239
27609
37522
70060
91302
87061
39953
24679
61208
29628
48938
90441
102636
69658
92580
122205
72437
93393
58008
89842
121239
89482
22819
8321
8080
39952
19400
94359
90718
24964
24897
53683
64950
99185
15513
103447
41876
7648
67963
68486
76436
27948
105716
40034
122572
6922
44772
38121
29394
24043
105597
105959
14973
115760
17289
63637
47530
53109
83148
71028
49417
67312
23270
3370
26912
70092
90420
17233
30716
94111
91539
21366
49818
75491
34221
84271
13516
110377
64179
54042
93464
79814
28207
115275
37919
89367
119872
119331
80779
47722
74049
21256
62184
88100
113654
73857
110425
6255
120649
120502
22203
66286
33708
107903
19334
38477
62422
43226
87707
94838
119435
78092
91371
81272
34284
109298
104866
89563
8193
29284
61010
12640
33056
21162
21922
42339
94482
55007
6749
32900
70283
29412
108180
114012
71589
53554
94949
16193
104705
93604
47960
93044
40905
75135
80384
122297
90599
122412
45717
8885
110138
92508
20696
103055
59491
43131
51988
4360
10679
117177
119893
119252
47850
41566
61321
2991
40427
28589
31074
119798
107859
3099
71106
1972
74470
61490
8802
51060
72536
40027
15306
18840
8888
33652
13690
102450
87767
85988
68626
33540
122607
24160
33624
99534
103797
31093
26116
24556
102187
101840
26713
62076
116164
60279
70482
908
34520
53273
102085
9523
41364
93639
107483
96793
1456
11276
111637
48868
47412
60070
49803
28459
4874
64435
64695
5683
76161
49489
67602
123193
114770
26296
4423
14737
17244
112290
6536
50365
55191
83727
51061
101508
103459
70864
114478
57470
10906
51762
96356
83519
44400
109957
92477
72596
37536
100088
672
98153
35848
80418
42442
69633
49701
108383
115486
3697
6190
31144
1576
80286
16052
73596
1991
62163
57176
120735
48563
50477
71333
10736
115789
95835
15282
32377
29018
70761
106969
94536
106265
27504
45493
37082
10902
86667
110085
81550
51364
58061
62890
78426
120244
27004
19928
59436
97278
86844
36262
59262
101018
81480
66302
107797
80272
90913
74454
115441
93259
61556
71274
112392
15077
89955
24448
90126
86592
52247
100503
70023
20973
79168
39929
122261
19529
33807
25232
37624
61398
38338
4053
24435
34883
51672
44462
118464
31716
54858
23949
54632
109424
68654
21388
84599
1249
14523
94651
17556
94813
82406
81879
27263
69260
9607
123182
46100
8546
90102
106485
85653
79284
115682
116772
93947
80028
120261
48491
73875
88668
99274
19112
112111
9444
42735
18305
18198
80471
79690
39528
14900
15493
79532
20756
28683
102940
53154
114536
92665
22765
83443
94736
11071
85523
30199
46032
33
31705
83682
5041
56750
80053
98566
16091
117292
41501
7351
44622
43107
96765
47244
96789
79342
7608
65829
27412
76548
88876
61729
112117
121325
64414
49242
64608
26249
103287
109930
88402
86832
83520
51835
80439
40286
72297
50348
1757
81954
22829
55400
103857
64317
76071
74382
98254
65879
12785
2591
109016
68591
89237
19710
26639
56604
37164
36365
90172
36588
108404
115333
46307
24743
113839
113635
3720
62469
77430
115317
26391
118149
63097
22867
76835
74614
76759
106901
112543
107816
32345
62823
65614
40578
122351
60486
100943
69901
34001
105477
97849
71476
55487
40964
81677
43229
56547
120772
40596
15256
6168
4976
42037
88914
17532
77816
10540
55896
59627
54460
8036
121668
120426
56775
58983
50750
108951
42053
120165
97928
64091
84585
5372
41278
56187
117318
7989
90774
43408
72970
106565
110922
59722
4963
18457
44660
113756
69933
26149
7625
64742
68421
46351
61328
6386
120365
2833
113963
57895
98259
39831
112069
121914
483
51944
25231
108748
18469
97906
16888
24502
82187
20468
22786
57320
3489
91983
39592
27379
6789
63532
67581
35253
76948
92549
122984
31775
46910
61630
91169
102626
58099
25091
88265
45384
105830
120887
115985
79695
57835
77152
64285
101976
41444
54986
40078
81230
85338
86293
67094
41198
49265
23705
105931
25346
82133
103888
122896
75182
56831
18769
116493
28611
475
13559
25536
95848
61355
50211
67523
65775
51301
84870
15481
84980
55841
77202
89671
69880
88163
12722
68377
52121
119833
3153
81162
6011
17524
95191
122773
6812
70229
15608
80698
118398
93867
87109
46523
949
392
28801
57476
40400
118861
23604
28982
84720
13051
101920
87111
71779
117312
114959
97585
118707
78898
5743
43655
119661
86885
45432
81484
76637
106874
73195
39645
111751
102446
5086
83190
40328
20057
75541
77910
49702
34584
45523
86887
70900
34464
87447
27602
108554
97385
20722
36164
746
95861
16208
63606
49679
113086
56126
2989
44501
48558
116596
76831
8579
2349
31645
12567
35805
100181
98689
71568
15438
7304
14061
76795
114992
76673
75109
74027
20586
73415
29310
61580
88248
81423
75099
78457
62538
109429
22659
100587
122208
16926
27709
8572
12517
93659
15946
115280
9179
17552
84154
65711
37707
67762
13741
84409
106412
37357
76461
82605
19581
99311
104030
17103
32438
123267
87424
37430
83904
20775
49150
112949
100816
101844
90357
5718
7658
89528
96498
95911
95091
11767
95632
58279
51329
78857
74447
41432
106983
121308
114829
120409
5249
63990
47974
37373
99635
9375
86009
30337
113758
89682
8992
110832
63369
4814
44009
123151
53276
84524
23045
6335
57685
87426
53066
58537
41813
18231
27057
42278
85963
53277
11182
53628
104786
8270
21123
90027
107677
46228
35613
120648
117105
18330
70583
31549
121933
35944
108530
121516
70009
24973
28086
112577
17633
96928
35245
13061
97930
104331
1137
33318
84568
92411
87931
62795
116255
39682
15215
122226
9102
88470
118456
14670
115807
23157
94609
12030
68245
101
79114
88929
22988
40590
91815
92551
121761
16512
30742
117268
118872
52602
42515
42499
7433
76397
51739
56966
108775
64796
40082
72107
10367
48181
2888
46673
99897
106877
51822
40262
47713
118963
47555
49714
77474
105137
112129
75946
22690
88726
102476
119446
103167
8475
57723
11769
116786
84616
50011
46724
57508
29682
116569
101174
115214
104539
74044
228
79100
3183
99842
74951
89776
7177
95078
5987
104773
118632
92976
41210
65068
34322
13016
103829
10016
54133
91947
26791
58647
26753
93052
64611
111005
8514
91010
16429
100197
15547
44740
68203
60258
80783
100981
29039
55726
31262
89457
15843
117823
114623
109798
7224
17475
88568
113699
67185
38362
123001
45287
83448
25519
59660
57101
69083
118429
54614
89798
73946
85553
10335
25744
118746
54079
22103
75367
122424
41979
23563
13489
120810
54680
101592
108427
44723
32715
103856
46504
118357
120363
84339
86207
1325
93231
57939
96453
63302
77717
20568
37855
82433
117491
60418
54119
65932
97367
16114
57948
6650
19927
88467
43486
40752
22478
73923
85927
18310
23002
84138
45774
72375
53129
118627
88859
60013
56645
58396
16511
1206
52043
26159
39751
59487
58861
3694
37885
13614
101671
78621
59200
87695
22597
24566
105748
109492
107347
84797
55770
2412
82998
85405
117373
37123
111583
98788
64309
33850
44211
52564
35272
15278
28941
50505
76770
48767
103141
119240
56463
81339
78578
28324
121616
101819
108942
5897
73254
43201
27474
35881
118783
24799
11336
69663
100273
40497
8110
100484
99283
117111
52722
63116
36727
33464
73048
64825
116270
76705
12952
73145
3464
116446
57684
15498
8188
26131
23258
100385
41168
64254
40935
103833
71353
31104
48744
119038
59513
22933
58651
73959
118840
98199
106621
73548
46546
107343
49511
82037
642
12861
26128
13565
91987
85699
3865
109526
47751
107331
45908
45354
40010
4605
13503
48361
23953
60916
34982
92664
92319
24886
1688
110845
220
79758
33134
19924
71166
13969
66935
84748
120223
26735
91487
57986
92903
41752
60870
86018
61245
51064
120003
23309
53733
5213
7397
90042
72860
49027
13929
81314
123140
19822
106483
72550
91204
53917
59003
103794
16587
8981
51138
112607
31983
63306
32290
56916
123003
18111
16062
77913
88305
43987
72026
95387
18632
96507
49045
64557
4879
52416
5299
73375
69248
97006
79855
65655
117202
16650
47417
18931
60552
17819
29190
34512
89871
94464
56932
36996
93090
93683
5750
54710
67187
49324
48205
117152
70972
35031
66236
8341
77216
51488
8390
44333
105954
92122
12273
44652
21117
26790
64188
17732
71007
51048
81918
54447
42424
81376
106919
51095
71021
115183
75240
111524
42145
25851
5635
51512
68692
97538
2789
35923
90154
117397
72203
77397
8474
929
32683
65508
11637
109109
49408
54776
5323
7222
31399
35387
631
114150
78657
6429
22315
2771
11370
91188
10166
88882
73931
80828
110024
34439
76412
49162
63877
65241
76581
36352
48366
45452
50612
43474
55516
14767
58400
8539
1414
39437
1435
100175
6292
14970
81159
7348
122409
60943
94767
101024
35762
68328
58398
30340
4829
64929
100701
76710
10060
8257
9222
35557
79538
104304
56389
14854
109932
11933
89185
51550
73438
42147
47864
3189
6932
111101
56349
30208
122078
78906
34636
97838
13598
57075
122234
89899
77683
16668
85
96322
60779
72983
54488
77391
10139
94632
30699
98353
14543
97358
28219
66703
76502
30475
35514
114482
123322
59137
44094
39444
17466
77396
113483
32463
98320
109899
11809
107610
2371
61867
62735
54404
101443
1558
4464
354
108147
84992
82475
77708
48559
11680
110914
103742
51245
16166
37211
102652
35712
78081
34355
60393
7400
7834
88522
98842
73464
111900
104945
19217
110242
72592
22551
85167
69985
15871
57617
23806
86124
8322
116550
87750
14446
28829
45778
65605
121031
119182
33881
35263
26049
53926
14561
8393
76796
74474
89605
99312
69910
5201
20395
28851
84834
37032
35785
99697
99981
73774
42341
115906
84285
114004
118173
96280
103704
113333
30042
980
67610
115574
4527
88008
41082
105662
52989
45426
1427
85937
108878
18850
109945
71900
10361
12551
107864
5904
25714
97776
95661
45166
68046
13301
853
49484
116821
57873
64115
80416
105183
86322
102480
121624
45210
44496
29377
67774
103886
40116
111299
50236
120631
25117
18243
69206
17945
117662
122498
68922
85309
72563
53741
26805
7733
107737
76360
89496
72840
40102
85353
109415
85297
8326
98497
30160
107860
21343
87676
85574
11059
71988
113535
44189
60015
40695
44245
102264
97215
120076
94890
44980
20023
67366
19523
51927
99982
105664
59615
21133
100090
29062
8396
63390
13276
32481
88185
37985
80027
59948
86799
110941
93371
50672
102864
120565
41223
104732
37103
75767
35113
114649
30771
51246
110650
105376
120564
92961
85473
17905
18984
41359
112261
4280
56467
75449
30347
105938
72526
71505
118507
14378
100346
13298
44007
68240
45377
75793
56421
6410
33293
76547
22237
112680
21172
57513
45972
4063
83929
85162
122093
79171
60672
18601
109566
25518
68160
31004
7243
91792
78363
14671
64798
36102
115400
107310
48471
60285
91495
27299
8775
878
98501
106441
102176
98753
19962
80680
27264
73046
9562
11787
6419
117092
47314
82474
7800
100176
37974
1088
109844
92654
38536
65384
2578
62433
72716
11905
32710
43243
84759
71626
77881
53335
107324
108203
119753
12452
16034
75392
15163
123245
15675
103788
27955
6298
80665
44894
120515
51157
94075
102781
114198
103539
111662
91470
76194
111325
117507
65938
23894
98166
722
56386
95077
54543
67640
68505
84527
1061
75811
42102
93487
59785
66010
111904
77145
11006
61223
4946
43113
11744
44744
49251
72097
109541
26823
57526
28138
14566
64553
92688
106489
41343
1903
64061
81633
41984
59510
35512
48142
16773
73888
20089
13658
62432
84116
12409
65612
50494
76223
111140
116655
117286
20877
85169
14108
54470
16450
111876
3367
101661
118489
42123
63012
121887
115031
85935
4776
24809
15759
61465
121956
66993
105990
123250
29416
12589
76764
108011
63922
33548
95362
9073
8246
34124
12426
71821
118973
103250
31387
80805
118187
62237
116103
49654
84074
17158
70675
23037
122290
13554
56435
8404
20918
34885
29126
55039
123433
112116
100766
6560
52413
80281
58845
100869
46018
5134
44175
113460
79893
83665
79007
21113
83821
87200
48553
51403
31293
7615
49530
43308
26552
120135
86168
85933
84057
3060
103325
6507
55945
82162
81529
97161
47182
49618
18760
80004
101240
108405
57236
102688
102399
77520
112785
89013
119783
92823
114862
121431
100239
26084
26981
47776
44361
76338
44390
40951
24340
52327
94820
12341
24501
17101
122782
119980
73972
34356
60107
113013
93971
45195
30801
38942
38653
60692
32484
59358
116974
112394
14794
27803
38481
107800
75939
1018
37061
65329
115679
58447
99125
3786
30171
8410
62676
28051
111254
53321
86537
114166
104589
69262
118641
91981
21390
117433
48176
98915
120711
2463
90011
101485
58382
28355
34827
106241
44506
43566
14793
54582
92625
110014
93042
100477
61615
104722
90609
57160
89164
14329
23775
69724
9673
111730
91897
119634
105907
27496
112628
36782
67909
85611
122371
7563
82360
27701
55693
101297
65273
104794
70184
88392
107948
75397
78892
79555
70654
40211
69064
84519
29425
63348
41999
51999
72692
114967
29748
74019
69244
80355
120060
108190
30651
98218
83256
66683
108737
21085
8602
33051
22228
112573
42038
90655
50392
40459
111106
65150
27295
87923
115861
105835
29194
121798
43625
88558
79713
67765
44524
73188
35145
19687
101759
110542
56798
28484
62983
75005
112851
110724
54931
116989
117138
45851
9383
100847
65095
120398
119988
29079
44978
31502
9780
104063
24083
101118
113184
53082
29515
119886
24934
47493
119211
97699
112809
6853
100421
9726
82086
69213
54870
91222
110216
53824
64163
9077
30048
46935
58239
85373
50134
17490
96880
42580
29090
27260
96682
111946
1850
20409
112987
101890
95277
39289
88825
30776
118275
31126
68111
108792
118133
24853
64726
48037
81389
87814
64286
80972
106500
30246
42712
108801
69696
112588
6982
120693
93098
69258
80829
79726
22037
110383
51315
7036
15277
43645
72128
30733
40580
77404
53549
27262
74821
19000
19674
85092
120996
111496
52514
112479
64543
41993
13145
87484
102233
67447
60947
21995
100297
57451
33829
103766
26074
79958
107177
20974
89434
92276
53533
88501
45833
113408
62741
3018
13917
98385
76736
64520
98806
46009
62978
122941
59597
65796
104352
82228
9556
73499
120212
91755
77433
59114
78148
52821
6568
67047
96198
20691
19601
93015
7331
90333
91090
24497
47289
26733
57397
80770
49569
48133
109402
96270
118612
102901
46619
92531
45744
46557
5399
45674
73884
120095
48952
100866
51784
90352
41213
122219
97918
96220
78365
78156
115116
4412
104721
15284
36312
2743
33450
21787
22381
65390
99498
75456
102578
89131
85588
16464
6587
31950
65520
21810
106368
106458
17266
27524
70217
80618
46343
104878
5148
50097
70194
68195
103677
107284
5992
102916
79488
28960
71831
35037
81650
91195
111777
461
33346
10379
54349
104799
16862
11305
53300
11235
110397
22491
79345
122525
40583
13153
64823
86066
114524
81032
43396
50292
5203
96549
62796
37788
25540
92399
69560
106312
71846
79217
33501
38855
65168
25139
60496
117358
99021
91446
93807
71727
95934
42061
93459
74949
47431
120976
88957
103409
121622
15093
98424
48399
76146
43271
23424
78852
86189
70707
29897
64905
31894
120847
74408
43228
36587
53047
32435
57021
48666
93874
16348
73835
114706
69452
117890
115382
22337
30524
60617
31059
121267
8663
49233
36814
34763
67340
75086
92511
69013
63603
108231
71998
91894
46119
32559
22258
72175
101522
119675
63304
15883
68494
112760
6015
91702
31163
9533
113194
36032
44734
36910
18916
114275
28551
64715
40736
17057
76904
20784
111159
112916
6710
87085
47179
51695
112152
71697
54775
49120
23118
75159
34262
80982
50192
36392
115194
18381
74499
62878
11094
76645
98567
381
90731
27368
12539
54443
12188
118045
111347
94455
4665
7851
353
86135
48789
60892
7561
65556
74256
75993
26926
81671
76259
18865
62241
31709
85262
102328
86279
94081
59145
29720
60845
58526
34740
106635
23234
71492
113919
64882
53189
11995
120372
110042
48905
98786
43516
43755
6092
119438
108714
50632
55904
83943
112281
20378
104515
39874
110264
34023
71349
62050
13562
39730
2492
25249
44684
75161
76812
82954
27365
117125
46772
80539
43929
57217
36382
6697
108896
14273
62862
5448
47685
6991
23503
20235
88655
66979
57797
62121
94095
24173
48889
103854
69597
26298
81000
93889
82803
87957
37669
102153
105443
39357
3693
69369
56456
31098
106303
68872
36052
77903
77352
16294
86010
110114
1988
11621
27204
76712
52825
92736
87587
79717
15385
111503
4358
1896
15322
106667
46582
45880
64134
95422
120487
102525
67782
81723
117061
39501
52081
116776
75635
83699
83114
87256
37920
38652
94660
92723
102973
23783
118346
51897
108598
18626
100134
73651
21519
6980
55833
99436
62880
36151
121720
2340
73800
80228
5497
120658
82728
67247
22668
44927
113695
53951
64651
67225
119228
121479
118979
42408
63279
67546
119601
45004
93309
41256
2167
32582
50534
7262
99965
63545
121184
13217
13697
17463
105034
39766
29497
94473
31102
47538
8660
63055
20777
81295
27009
12059
34659
121582
5597
92473
17367
60079
96253
18903
11259
54378
26500
117248
70421
2722
35774
103721
32791
43104
46225
75700
51664
117498
95253
105278
7926
30888
67220
63271
79980
117439
25227
104596
60111
28281
15173
57520
34643
1538
77057
32184
22357
69606
92136
117355
40768
21374
96896
28950
70035
18671
50362
85758
114981
68673
92388
114615
95267
103304
19367
112516
19124
44032
95300
33197
14962
36434
101713
86139
56685
58220
109651
15448
41417
9775
17045
45130
106684
55072
3538
48270
62229
66378
73779
18361
49237
44097
78685
39417
19608
42311
17258
88225
16081
86041
108479
33141
94574
89315
19154
112462
108384
5421
105015
106203
6031
38792
29947
85662
9862
98247
43116
114927
31379
45490
92746
100825
108903
3561
68431
95716
20475
120785
3575
21306
75530
82788
6736
38369
29157
84297
106832
90203
111908
57402
45898
81721
15178
40908
7547
412
75228
53488
42560
14145
62682
59251
119049
85595
25368
85013
48515
91519
38312
91847
42943
82059
120036
5266
9929
36386
66644
80269
100015
71448
52447
24412
6552
27813
69353
111042
13718
3152
55662
10997
112892
51554
24120
10366
17211
99666
19215
55161
104700
95172
79709
67371
116782
64753
42308
21814
62259
92265
72220
29362
33619
117861
34088
10171
120433
12349
123270
94743
106760
65670
20253
68459
105329
114688
67277
83823
122464
50770
1351
112742
45147
119721
3564
64555
1248
24583
77156
114338
46257
106157
65105
52107
17185
71920
85340
114258
31320
75031
42111
6874
69794
12203
96939
92038
104233
1640
51316
62501
107150
122492
61586
86588
51974
62423
72185
91672
119245
63273
72154
117707
27477
50813
28002
55735
114108
64562
76117
107914
53064
49032
65581
89781
44769
29193
88809
60644
46196
53562
112819
57968
29942
38527
73880
34964
77028
76741
55309
42543
115032
66356
51930
115841
24802
75896
18874
758
30375
89284
104082
54585
107104
102727
28793
28895
78264
109087
104055
36132
62863
11918
102947
67201
78693
67027
22844
72804
52599
33157
91984
51869
116401
26722
93095
18184
6693
121896
83027
1857
65070
80385
84938
31599
61429
116573
40464
107006
45615
4998
66330
98332
82220
114875
8005
101859
18612
74264
106955
89930
22029
57845
16893
24996
32363
32049
8993
78656
2283
118927
79506
1962
49437
102382
84102
62466
32873
119415
75581
69709
95122
111436
87655
95885
22177
58954
55721
73135
16928
107507
91801
113490
94001
117703
39024
25556
101824
16317
93759
3880
71412
11128
35615
51964
62528
5782
25233
84184
55356
14423
117942
84820
12383
56684
44318
94103
33220
102191
72435
115174
55468
62991
46309
77828
52004
53288
67290
23081
13122
28704
101708
103412
115572
97179
68005
38479
86762
7781
74693
44223
79013
689
110810
8798
101123
36994
52074
34368
62601
22898
96641
83587
40843
19720
20668
14409
21524
41330
102046
82463
87847
95640
80772
84097
100669
111365
45718
7266
91508
66535
53294
11385
110800
36707
21897
88661
61568
91579
103005
62512
96991
77995
102062
63481
116983
65050
23698
106119
43543
87934
103564
111317
11133
55456
51331
72137
36815
110291
72018
6533
116519
107473
31352
61323
15987
87775
41736
92428
57847
94977
111387
11795
117686
46005
65997
67232
33506
86890
110946
40621
95152
59350
106481
83532
7448
89205
19532
34624
4288
27489
68331
107085
78360
26886
32471
37790
2345
72946
82599
48819
41767
17955
3424
49497
82498
74493
16242
18458
98994
123
89574
101069
117134
112535
81212
88023
76662
46674
48727
25725
27259
15290
1505
108906
111316
23378
119266
26600
14485
31768
67940
47981
85533
2906
99338
118204
110407
40231
37022
56590
9616
62954
57993
33085
67496
47049
16635
83739
113327
116691
41052
80508
49152
67595
110860
72345
34835
18185
65313
14680
7709
51745
53792
71621
44518
71460
10320
60354
54391
32915
23770
115822
20465
118029
13134
74380
89493
16475
98810
70631
10509
122427
119189
85496
119745
119519
73522
87425
3549
95712
69028
29264
35816
70272
84881
65452
100025
12924
67752
44442
47682
113248
53205
62982
46604
113598
110815
5018
47115
42810
121319
93073
101836
27058
72076
108409
79305
6497
28894
50605
68908
49514
73718
102501
121951
48362
66344
102173
101282
40254
96914
668
14256
119208
67578
115379
97469
51684
80375
112900
9219
49426
40114
116846
19807
16200
92360
10115
58916
1218
107160
111534
60122
117964
25221
60577
63265
104619
77443
20543
44257
22102
111522
26647
19661
46200
85185
53253
72676
14192
13330
20122
36175
12619
41775
7119
107575
53362
55832
53350
87956
88842
106838
108949
121809
122748
14652
51019
91248
107827
45926
62549
58233
3777
121497
120063
28593
35659
26002
96823
8345
89956
117624
42243
7234
67297
69446
17083
54483
31884
53700
122904
51066
18135
29246
70015
63335
40956
66444
13461
70317
229
32761
59107
11008
40266
58815
26076
39228
75040
87545
52842
725
66639
91256
82555
91832
78611
9609
40588
32938
101107
41651
75222
90981
119085
82134
51968
29195
98363
15747
122145
65189
1595
53414
10243
46962
121091
4086
24101
7393
72938
38268
122940
95502
64794
45538
29068
60523
68423
64118
45383
99574
10626
5614
88722
21866
106382
98718
87377
101577
36290
114863
120250
43011
83191
74964
73994
121517
9399
44624
59780
83123
16358
38807
9435
52301
67418
20117
35134
10803
108295
64022
51610
105899
1813
10582
56356
118570
68730
106724
114702
91612
29467
44799
84969
110360
37922
97474
5048
83013
37747
39598
105901
83761
78352
31506
3739
82350
95964
69173
86163
71912
77543
53594
40288
87712
43081
12324
96694
58122
10417
99980
122610
81875
82732
60740
57521
95815
117667
101739
58125
104289
57901
86535
87798
102750
34300
24694
39474
40313
84395
33052
5105
97939
33769
85240
99594
25400
94521
97857
103674
121421
89480
101922
90159
72149
53857
120215
102761
106520
24636
67988
49922
74908
122807
107181
21244
37119
112918
31762
58565
53855
72916
31646
19856
93743
67231
25344
47245
38321
109185
88139
97070
99446
55071
49997
65974
85084
112468
17679
104325
34566
95751
74119
117571
33436
1949
2275
17480
30284
62537
116403
22493
42460
120056
79063
75874
47338
27370
112665
116382
29312
92093
6288
112445
36507
21702
12218
78413
44139
104979
25589
58243
121626
8337
70197
107801
74861
68074
26112
114098
58589
82774
10863
83047
12780
39369
39993
74645
33307
11286
79441
65667
74214
31434
65061
3048
75194
3592
87826
13343
104670
114833
44048
17467
49953
44154
52671
91369
71786
115621
19992
121223
110706
122716
121656
105446
75843
87429
99008
43686
51150
86607
35766
28181
35035
42979
100214
63670
35717
114031
10644
117052
29369
77867
33121
90206
100053
81709
120673
85700
21756
31099
60306
50610
66212
31465
79079
53585
87525
92730
78420
38310
41954
91744
6327
112498
38530
119442
104178
91184
35963
62933
107326
19037
100867
74203
15151
1460
32067
87519
46033
68666
85924
100023
77500
2814
57313
26752
27291
26119
79179
25461
69813
40533
38447
105802
20561
108443
121195
10058
61974
4174
92491
60442
70679
85815
36861
70479
62579
100832
36608
66337
100174
7333
19909
57861
30188
114885
116183
109028
36923
54352
78147
91257
86709
46856
22054
32937
68098
45859
66963
72079
105042
39026
41907
100008
117828
116555
37630
79011
57314
42292
111230
76932
72244
34784
92821
82497
62935
20590
39320
41522
51345
96809
13213
123175
75286
61453
43635
123441
90858
97283
20517
98642
116254
89062
101575
70269
20816
75316
64136
61833
72208
22911
86947
26431
123407
53480
80696
52760
59476
69169
110429
51118
10818
11414
53983
111901
27651
35390
10552
16346
120857
43027
73557
98380
94950
55251
102411
86554
57249
93021
61205
98311
50743
46483
55844
46469
86652
74533
11137
91605
13832
95333
21412
15863
33012
113770
116828
15533
76285
1066
83080
7983
110839
87752
108163
80731
46728
10180
41886
58695
105997
71173
86859
78120
34573
68225
23216
93741
25945
91075
6530
16324
107735
9947
10990
91358
59738
81955
36619
62767
106362
83115
117073
58449
53339
109903
39561
105946
23404
41401
44038
52824
30129
6739
16829
40153
47187
68354
24593
12628
52206
54315
88862
119168
68134
78019
52319
61068
26512
24026
119681
87597
48662
15096
75263
66596
55883
26351
54959
15301
57783
76553
98172
5217
36754
31812
48182
55348
544
63534
80851
8606
13770
33526
111478
16298
66812
109988
38126
38926
30383
104438
93815
110173
76199
53001
86472
8912
122663
100228
58752
12568
30681
92286
69432
6249
101385
80898
60634
122983
106656
63919
96905
5926
99673
104847
72331
44072
44091
35934
34842
113751
86970
4178
12101
33490
20446
38320
35206
60904
59488
35682
101285
44880
14996
30106
6801
25305
49475
742
95367
84469
52378
77627
22408
101042
34349
50320
14567
68424
108900
70983
23726
84854
119650
4097
119811
103153
91423
56399
117481
98866
77480
9618
87472
51240
112832
112567
80663
13581
62936
120924
9452
57979
8957
13484
79211
85104
88393
50712
57108
74727
20690
47283
21984
61306
111678
55930
31590
79332
78727
96888
110557
7756
102974
39719
20078
87836
8009
122160
17817
69328
7345
84251
52459
59684
102002
117506
20118
58341
115993
18531
103150
79072
93075
79064
117294
96564
3217
56908
58809
87577
114298
249
20891
99550
115124
11184
42117
41385
22395
120325
43830
49164
28437
76779
51959
121639
74698
52085
121835
107776
46793
7572
111975
22319
102954
33668
104923
31692
77792
104186
123362
10811
107589
114092
59793
55802
32103
70834
114277
5002
115696
20229
110923
89203
111018
110821
66277
63655
35002
25125
30996
18011
55953
1297
36917
80689
46526
81419
92015
21197
88107
37969
3838
35087
108398
112419
51698
46290
57747
29563
64662
94907
73871
86400
76368
36270
119818
55287
86818
31890
98116
113406
27871
25812
84930
79617
45992
100001
9057
94077
3382
82828
34553
62850
118356
118651
109459
70979
74824
63740
53346
51707
10427
83545
55262
32537
61055
5
67770
112805
88377
41848
5397
46971
49292
63824
66239
25687
89313
10987
73483
99668
12734
71258
96123
20484
104138
38186
73223
50760
103853
25774
74651
15565
100338
1918
67812
58358
27064
60239
117489
106308
1069
34189
45861
53963
10888
68475
6046
17594
12658
31531
32440
20904
40516
100648
88794
9957
36697
112793
24147
43381
104029
40032
41487
30546
62989
66824
89357
14318
49559
107877
79590
39351
37421
16949
118354
13218
113475
76185
116762
115866
5316
108110
58732
88605
102318
90945
24439
87486
70005
68858
84693
47084
75399
52976
99821
111977
70616
659
77010
80601
33013
108875
66416
82145
37803
19933
57678
58799
13767
28117
57500
2125
73236
22335
906
64043
17784
66316
89329
4493
23616
109568
7814
34156
93479
115988
81439
109072
32863
121932
120992
30331
82825
9445
91567
85955
65759
65752
35261
101162
5791
48300
87240
119686
38350
53530
92653
1128
75802
51368
119262
73229
13726
35671
119009
36581
122633
49525
87594
119616
93224
76184
54424
75218
54333
101355
43363
37120
122809
40675
60216
35223
41596
90646
65887
109376
104851
25068
80431
13326
106558
92550
7429
11824
121519
21515
94045
11230
113983
18143
7279
21451
1999
78187
109874
113590
107480
72264
72352
38983
18238
105776
81733
43701
64108
47759
59187
37261
48972
5631
67888
117118
79711
32810
112655
104385
8444
54849
29868
54588
6115
112230
71653
119021
22437
10543
56773
71462
25532
45565
9767
61410
2784
38045
121245
110668
33278
106962
8725
95301
87899
9265
29361
41854
75808
49415
67122
66050
47130
46212
95578
103333
51476
5061
45255
77193
95837
83327
76982
9378
29366
93094
34386
67479
22729
98565
4368
89257
62891
13737
6711
1679
43364
91902
93673
889
37355
66759
29408
104091
106248
22856
29060
117853
47434
55613
107123
49131
13780
92663
93627
34427
38620
67659
34696
120798
732
110717
105057
36468
100702
95154
96555
22542
48945
110256
55390
81408
109204
47972
6082
96315
79327
90218
90989
91110
45923
90734
79692
117737
108419
111155
78397
29972
13322
48908
13119
73287
103971
104895
40101
56019
47080
28686
9013
82077
71162
81029
53572
79935
15943
66787
95398
71608
61970
121791
111598
59444
73391
87604
41612
18826
11843
103631
5490
110689
115053
35420
82975
112194
116134
109281
28582
9858
46748
99908
98948
121902
47242
116793
32998
103177
84824
112615
40121
58014
14724
88101
77808
64845
41024
53122
21212
44349
52008
103080
15769
22756
105483
70804
69095
85720
59233
112151
114096
25985
17172
51606
14968
97376
116281
121137
58672
113123
93400
121855
123252
110441
50182
72046
70925
49767
8760
21594
94994
108131
90291
68633
121601
99877
26779
91700
20302
46648
37688
88379
5623
39988
72870
107354
60175
4561
106207
6570
33018
118816
18104
85374
110755
383
82681
63037
59817
98518
119461
95342
33580
69235
95483
1503
37550
96127
24537
71632
31061
17574
5342
80251
107079
30304
32364
95157
62298
81872
114040
102720
54090
55675
57359
2396
93002
47513
34110
70565
62720
55126
6066
70131
97281
86239
17113
92021
51846
47857
98705
31151
85027
73746
110012
121709
122657
16561
11324
23811
77383
56865
63837
112052
107325
103391
29325
28728
115597
110465
25751
29154
61500
97062
115066
48104
88645
37763
78905
81207
15292
88538
69445
123414
77885
94311
100426
113893
60688
11630
46034
35799
59562
98839
100161
27587
110461
63103
24098
52978
3406
67569
123224
43137
78434
122651
84578
38799
93872
102544
56910
46465
2572
84807
26161
63757
39173
105087
53961
112222
1657
120762
61548
35663
43185
113417
72464
78760
85073
63660
49847
110765
38052
112182
31997
121783
2270
20981
20410
104122
30715
58486
15360
74543
47674
64356
49106
4772
35249
55030
37006
65491
8809
48312
65136
82821
31954
44510
119596
115647
2944
12095
40646
94822
122986
75267
75685
83738
22308
116553
103986
99378
17018
32301
22243
27614
4997
44551
51962
17311
22778
3511
114297
121142
50567
24452
93862
36770
94798
74859
34030
73460
8170
100764
121259
121169
11962
6161
49326
2604
20908
110711
29772
65943
100306
33372
9600
93993
29695
40690
90967
108861
62529
51635
19144
100999
38120
5331
103898
82645
21497
25709
16658
105028
84405
106378
79655
89878
15496
46530
59422
45896
113463
38660
87830
19852
43880
107883
28017
122600
44904
98628
117978
53163
43860
80879
14645
12070
7117
114562
88475
67704
11890
83829
89338
90122
43967
53270
100741
75801
98601
82007
39496
103761
109752
100124
100615
43939
86108
89681
92689
81540
60302
93495
78981
585
56469
15582
80099
17264
99107
105766
102247
95829
110395
11070
106231
22610
8858
15566
76053
70557
89693
19413
17356
100707
117208
63892
48241
44702
109212
101729
25962
71116
17738
62148
59486
42719
70828
113348
90720
10090
4595
69931
60977
105285
59084
99675
4759
11705
9769
54327
16536
24591
94940
110505
113337
57307
41424
92558
67202
18574
16025
55986
51595
89056
92697
31753
79083
76204
99122
116334
14099
31926
84569
112956
29522
13044
47347
60346
70065
14746
36572
41465
5029
24103
95794
101253
23621
32076
20638
48586
102354
19486
34721
88390
59384
12317
122636
71153
3357
64778
68800
48568
21924
104842
17623
110202
114131
177
118616
87410
94377
43233
76822
2035
57412
115780
42924
101465
38725
11986
5273
28448
94353
51752
29802
54065
110715
14622
104228
37468
101332
95503
90735
100393
26432
75361
25625
517
57146
20222
56643
55979
79469
5195
31881
122380
57051
53948
108784
39944
106456
40433
64618
81052
117492
16682
58241
51568
28419
102911
22760
19392
89422
120173
4712
78384
68874
112104
64366
92089
95461
27437
81378
81956
58712
53218
71470
32682
108805
54197
69722
30825
10215
42566
122503
94254
24982
73961
119781
54700
100604
42108
119425
45071
25170
98860
32119
100138
87101
46234
81153
30605
92231
11603
33729
12185
3027
11236
79526
115228
39607
73392
52570
116157
115710
20564
53473
77912
107922
111217
95942
75820
54243
8530
96500
74657
14312
62521
79708
7637
95590
64083
71452
94394
47557
18587
92452
54633
27232
92573
9402
61743
74455
41121
7626
44543
51892
102823
107385
38608
100907
14838
15127
34383
29993
102812
10748
92956
58076
116641
40974
40710
57219
117151
70357
32794
73944
56403
62410
2182
56231
295
30674
56267
12174
91479
60876
7077
60909
25331
92850
46938
88398
42103
107280
74829
47869
99382
120883
113866
11602
17649
81771
87912
86014
80827
33574
8353
88471
41317
101168
11073
14898
32080
47308
47234
30550
23064
36528
35333
68448
84493
59047
99770
92752
64973
34035
72028
80044
77692
29575
76313
61769
109940
58090
34776
43078
57370
116633
82539
62690
19082
113155
43092
54330
90787
116238
84156
48827
104986
85691
114330
14722
113352
98178
77043
18328
33984
24613
47053
92269
95179
35919
106583
41722
6440
105397
65094
28806
66736
7610
95193
92647
91370
4521
95262
78006
106620
39721
37935
7058
34202
12616
14193
8104
64033
75758
113099
109241
100348
34958
60473
42277
88958
1730
69782
117598
115967
9307
99284
112345
2153
107606
42973
64398
109597
39631
71072
91598
115096
82018
33449
92251
7435
5275
6431
24106
105082
115253
14573
49954
108420
119052
1147
46475
23090
86295
69050
63205
108078
80110
106443
84062
71338
68562
24870
63518
25782
16569
12049
67385
50162
98049
15959
8796
102143
63407
88048
38671
96937
95562
86379
33790
103974
107868
27329
63539
114817
106734
85887
49095
72089
2898
24622
61407
69302
9347
75190
71612
122836
50768
41266
52030
104758
68073
8283
110485
80152
20976
69053
50723
118713
17107
11080
13603
52252
70331
51904
98685
92809
123343
111769
97448
24924
16039
116078
71025
30586
15206
16634
84572
8389
114827
67658
87180
91473
86609
36292
4291
90475
66772
64068
119868
45791
88817
13968
70922
83299
18093
96528
54125
37861
83788
9123
15689
30838
41194
55044
80686
52024
111612
44594
66450
15767
69890
69586
42498
3902
23754
59498
39712
13532
91695
54560
95703
27485
91846
34924
33679
42090
88224
26407
29080
59314
95487
10665
13723
120831
87878
87736
48754
39198
19833
20386
65815
5572
104427
45253
10954
77161
12443
121874
31271
20823
10725
100643
6210
76249
107180
84639
2769
25203
36756
94182
67073
27594
59737
20128
12333
19930
34305
51716
19749
19423
113104
111826
104005
32951
112966
105600
6310
25486
24135
34992
15435
89887
80129
28698
240
56199
40937
20911
76834
53984
64044
70437
90995
97931
119944
35586
23669
28616
6557
12225
16006
108128
116219
60310
15604
86941
41150
45531
86494
96074
6048
56783
72033
18565
94158
98054
60712
98817
118312
134
6014
29398
13106
16442
24923
4721
87125
105864
83257
120533
20070
15328
77761
7539
28303
80072
95356
107598
98297
70325
114505
4120
115145
41000
88296
57733
114178
58990
155
77997
9810
100162
42468
1089
20164
13670
118460
43062
111313
113286
96495
92151
47265
63002
71675
61406
3859
70206
79181
113213
113231
87652
14493
64212
63536
84345
37768
20907
52569
73321
63807
87454
99610
8753
93541
46520
10478
99372
20467
43928
40539
44614
100875
59292
62818
3025
70937
8933
53412
32902
44369
37956
105940
87675
52341
37706
95535
60317
75787
93450
18242
99152
46010
66481
103585
98027
23593
42516
89589
104925
18819
58578
79384
24450
55244
5493
51231
123247
85314
4994
28687
110780
109199
89225
76467
111604
56731
36423
35063
37573
38335
89144
5136
89672
84089
53793
103597
31236
120786
65677
6940
6488
53116
75329
70401
114480
80063
45286
84786
7462
19918
109155
71053
5546
17569
29309
84983
31168
16696
96262
7320
5883
32804
121292
28660
35698
11480
84490
105102
34037
30567
10207
30305
97999
52221
52031
13346
45338
43817
104258
51541
43832
69505
77315
5286
93458
39628
54816
22587
114874
4087
112196
68623
114543
82837
59151
11979
115457
23956
57592
3211
67607
64667
96354
32546
63846
67623
49674
17663
116676
102132
55318
117277
13492
117732
110183
105293
12652
74086
84361
103024
12717
36529
5163
92548
3070
78698
59042
48539
21301
64018
2159
6565
68076
55973
15865
62203
90370
24647
57950
86613
50490
78399
53062
33730
43114
8379
26233
85680
58334
120296
30150
18470
32591
90906
35929
48234
48877
24062
57266
72292
30689
82419
116628
51524
77261
39671
25822
19401
95515
103859
1109
115705
69700
117874
70682
101408
106651
33288
117127
103033
73539
77449
81789
44987
21334
75344
43513
88295
60702
106087
45133
31738
96093
3317
32370
20682
6394
52178
26247
13807
30867
16940
27917
14919
38588
73239
1818
117616
30616
89122
104757
52696
48039
104139
83211
123434
26315
72546
46312
93678
49353
88378
52005
56769
95252
21218
57214
7804
21132
17546
63688
19915
68445
95176
96385
94161
120543
122827
41045
51173
119540
49183
1077
16769
86775
64230
16963
77439
118543
82508
88432
92667
13356
23554
170
16499
58710
115086
36826
87411
51767
111607
75011
55568
110783
115495
96941
7842
10111
39743
49788
79375
3686
53774
28389
112342
42542
64170
25423
84445
110807
82465
13711
64927
101084
99988
18418
59521
92756
90316
17036
7990
48482
24859
4906
47597
17150
31047
54446
6923
57087
27926
24755
86228
89475
88781
111088
25848
15124
1029
99173
108789
60796
122859
99009
96589
122241
58972
17319
12866
45324
30929
34216
34136
41997
75619
22314
30288
2098
70914
15199
121266
52743
25838
95862
15858
104396
37727
123122
71680
14586
52562
43710
14338
16568
51683
10208
68750
106002
74422
23714
71596
104813
59630
101320
23239
14860
80154
22947
24119
81511
107694
50908
29633
8273
47396
22964
117517
69643
60575
93136
52262
16917
80075
53298
18556
52815
94899
52202
4201
58281
4861
106295
105075
102679
50673
61722
122209
86409
104261
5501
106028
3276
116227
113986
43820
8372
13797
69687
108990
32442
100396
27909
39089
114933
113510
68340
63289
14204
83938
44634
51475
60915
90800
2670
87669
30293
57708
66849
12340
118740
57499
41660
27751
108917
67175
492
55696
2100
93940
109125
55668
6540
116864
59765
44278
80410
10036
49006
37608
29818
66925
16349
96378
98052
114118
56906
39389
119494
68353
89866
24181
115539
85829
121408
94577
18774
44742
48246
107739
6029
105891
23814
63610
95307
111894
54461
33779
42150
94824
69370
21409
106484
40339
62509
89223
32182
9185
29592
123264
119873
116483
7575
65322
32472
11165
121984
12433
89392
100599
44412
66786
85975
110938
89540
1569
73538
31402
72440
83877
33267
94682
46073
61968
71180
56449
116552
12461
5803
58365
100372
33327
109445
102846
61454
53458
111037
53172
85980
49198
26854
23407
77595
12417
15000
8307
86817
36242
36601
64023
118482
114544
64603
28342
89311
4506
92139
49054
107434
78996
44819
9025
99626
107725
101457
91805
57482
103461
20018
4770
6185
106701
51328
6594
37197
5608
61736
96401
15123
64245
78779
2573
89095
17655
102040
69810
69947
70735
91192
37106
45885
65904
32812
80086
29798
85880
42870
52042
86664
26755
19921
73186
40080
39720
75500
32109
3281
26546
76595
120336
53852
66157
12574
79828
6444
70877
53375
104835
71610
6800
121003
32207
112319
42502
96192
55327
85687
116126
70706
14283
71915
76729
84454
56827
28975
23416
35573
103919
17696
90597
71707
87842
12864
34446
115241
84292
116996
96379
20935
23125
55208
120496
90831
34348
49195
107192
67229
105669
49758
123444
23744
40052
77095
81277
14613
42135
1087
58602
77943
20897
76600
594
92442
105989
50625
90383
101333
85056
13203
103037
95434
72516
97221
78560
115395
730
35342
56870
70399
8436
83927
90847
28146
31479
65680
72284
121678
47380
54883
55882
52754
78858
93140
28601
73922
59334
10341
32927
64621
17031
60925
27170
119613
69553
114681
54869
27717
113862
18258
55
29714
65627
15250
71907
14445
78584
78595
111701
96240
123121
49925
26620
25045
85947
101360
86867
82241
43793
24633
50444
24700
69508
42951
83559
19342
113204
29931
18530
2880
31981
47397
13206
104420
27781
68018
959
30032
63590
110955
95009
30627
3924
81371
113646
82314
109655
66537
1437
121185
95096
44941
113197
100571
3429
50732
19306
11536
50787
66312
107958
107285
31911
86323
29282
98517
65722
64349
122295
103396
21161
63276
29514
74017
78185
48682
104310
68368
47730
113946
39784
35950
81
96189
80727
99073
63912
79185
26441
95353
56786
122039
32503
75643
108791
81126
11240
54206
14783
43125
52412
123393
23703
48274
84921
107558
67382
63334
32785
17909
111427
57759
54032
72249
84179
121173
29081
123096
95358
36912
15288
14988
93146
71431
16443
37453
2107
20636
122632
4853
29042
112642
85011
104550
91841
69242
65708
87031
22674
111631
41917
65812
107424
67028
11119
64560
14200
63795
98943
13672
52131
77999
82362
69581
79519
16441
45939
110612
94528
10560
59489
32979
97914
112026
49934
66594
32312
40015
85498
116123
46233
24156
57122
36591
59556
17398
62901
99316
26337
68270
11662
35527
13320
71265
108466
17100
52055
23845
112727
84086
73163
28430
38794
54768
65228
13747
96975
44928
70104
32717
99655
47160
80687
71754
71634
34565
91558
109120
50203
106139
76670
21957
87864
9737
96657
80843
8089
98613
65704
59524
55029
69579
58402
115459
52306
60379
81521
51495
39202
73365
85524
92969
47774
93586
87417
17317
68384
55671
74282
96878
94901
30992
50724
32616
33301
72394
15685
56423
40745
104382
70965
54066
55511
93444
54241
102282
57089
9314
86383
42999
20606
71416
78091
46774
116938
117017
122613
18509
21240
5090
34132
88573
11793
119927
114468
88822
14875
83489
58271
120523
26408
108047
34473
78983
123392
52727
19704
118671
115587
27189
72831
82050
99359
38446
34166
80512
31529
101987
93799
86902
21709
50847
99694
61832
87785
7244
89473
16960
70714
82782
99083
38395
48536
108766
90250
19722
106056
54069
65192
72639
110284
103468
65721
28827
1260
118134
42185
96435
96457
108918
68206
100719
82853
20033
21395
111019
94148
47077
57566
96466
44988
16838
38391
97113
91706
863
90278
51556
42270
100204
80421
83524
87584
59304
22147
110249
107505
38963
21933
119108
42944
53666
81357
37857
104846
62115
57600
60482
106310
26816
42160
101091
95725
74383
55839
41363
71256
122061
26621
103513
11100
37789
15543
1612
121082
59126
88088
117509
30702
72880
102645
24678
18335
47341
113537
102184
63244
89622
77062
85418
73914
105639
112984
38401
63498
50566
5851
46556
47471
85259
19049
48201
70374
102586
88574
72035
78666
31237
112597
119199
122679
7802
52826
91765
95169
49575
119134
99180
107362
96573
98976
25438
95603
56702
54591
104318
12839
29580
81901
96513
98510
74505
107392
84459
101616
1892
25581
77907
11916
39334
84913
81386
70533
107662
41576
21030
84789
7349
10384
52280
65320
86068
109656
86106
87914
120429
8630
13527
37487
97200
18693
23636
92630
73022
83598
25333
60826
59778
30907
119578
105425
108525
104174
21540
17704
4405
68351
101572
81774
30241
1098
21725
28998
56528
22982
103483
48595
74998
32661
121187
78194
110818
3919
66667
108431
116233
72229
6509
100602
112691
86805
47955
20736
122367
24966
16487
121314
43165
814
93251
9495
46242
3286
41127
117100
116635
28868
23388
115832
28584
6867
42889
64059
102520
55454
20042
29406
67262
50175
33788
112236
41338
10558
99147
94892
13249
13362
25048
6604
29845
112296
21503
50284
15248
72322
86834
21235
92366
45151
78009
106883
29430
1934
115389
85020
53607
77763
53699
26542
39742
119156
18245
36481
29874
76711
4045
122172
73525
46797
108395
48551
15765
92426
86629
88339
88834
78573
111650
84126
49555
100369
14158
65357
79508
81547
88861
110884
1856
63328
52556
101398
101539
119574
64510
43357
47782
113035
16901
23920
47071
60412
101839
22594
12634
121864
82432
22055
22414
44596
76086
64752
40073
35501
119576
112553
14001
55443
65557
4352
3351
56990
33608
28213
77948
75836
54373
29586
52471
97782
49567
111747
8177
106398
47482
5199
70050
96890
95852
41165
50454
103622
479
99230
121115
94297
76370
122510
94228
106397
31505
105966
5202
81892
112724
92984
50540
2651
84399
81695
45626
36397
31128
9075
5570
69771
36174
71419
111286
119321
76070
27244
61356
94484
93405
79409
70034
61534
119416
25402
69345
88083
3952
22219
67376
92258
85570
35204
104075
122660
94548
97168
4614
44152
1722
103584
97738
1484
93680
47633
41923
38420
117257
81213
72318
38503
17540
115004
18476
61641
29574
73716
107541
16542
75691
122546
80
85440
118760
115963
18907
56095
93360
98688
37702
107274
49636
106406
19
112060
121357
5528
47116
77119
57209
60757
51902
72534
92195
51879
100318
30325
81817
116051
7832
72941
26058
9062
89243
62524
59457
98307
59512
58669
10434
11696
3260
8071
47903
35622
15932
72085
44669
47604
72584
118582
89522
78670
98624
39969
87595
52683
100746
70481
72012
2666
109394
10177
68173
76035
5761
123242
33082
20685
86722
12759
39655
22731
66485
59337
71081
68769
59603
17443
63460
34940
37516
122384
82609
29373
89276
36570
32780
59988
95187
56105
37404
29111
12829
111756
34936
1308
56845
122317
45670
100257
57369
65296
111655
54455
94747
43495
47821
84727
32271
58924
21345
76649
81541
92409
122220
275
121786
102491
26234
63154
35364
119641
94083
93886
25891
3416
49306
8099
121119
41990
120489
112958
121780
94183
100958
24225
82177
26313
8151
104535
93176
8434
116548
104969
13982
35492
51686
6968
2616
12779
54253
38154
100955
38089
29119
76971
117450
59593
104836
70093
80836
67173
14791
35902
121312
82417
50803
19168
89515
25098
93492
59528
122079
32127
96304
91374
107168
24968
2076
39282
64984
93341
43080
40018
65338
81422
97099
25511
100244
19949
31246
85770
85594
18665
119013
60246
29086
106527
94731
122390
70398
90289
23502
114436
51763
119481
13931
30882
40656
109063
92504
118762
10284
85600
85648
99177
121182
57661
58052
63017
121772
35624
64444
37794
91064
51908
19606
38325
18652
122063
115747
93884
90613
111611
23155
22706
103749
71035
88459
41793
93873
54584
65853
74807
116290
60878
60361
28496
14153
30920
109509
106552
56857
66272
4258
107585
80071
22329
15422
63612
45533
89038
36232
78047
44457
60281
8191
3030
10804
78532
109813
42441
106027
47994
68672
120099
80112
50245
107943
62301
105165
108261
29610
33942
80310
96972
70751
75986
41300
66622
74737
27398
47641
112683
65109
16720
12647
60043
11725
85867
26171
111237
112532
88014
80073
17086
80043
110201
106345
90359
38498
31969
63523
12129
106063
45764
9558
8562
39744
4480
29008
69784
118660
18721
54351
95436
11164
5729
32220
43276
82729
95140
83360
36575
10858
74665
115227
74486
120148
4038
57735
65964
39181
76377
14759
42361
65041
39625
113817
113794
5649
23718
70882
95846
116458
43238
10433
109401
84707
7147
36643
22717
96767
46712
64894
16463
93581
101982
77006
111084
94878
85949
88857
68096
68433
66986
20670
25301
8266
41004
565
34278
24097
116195
87921
66309
10448
80585
85025
66061
86872
55932
89947
114731
79611
164
15079
22113
53254
111473
66582
40704
14798
122368
120732
83379
88530
95500
68560
88156
117465
100094
95761
20146
46286
59421
15380
5988
90112
117346
82336
38412
55103
54067
75953
75826
97562
95673
87481
6220
12057
80591
88762
1754
33022
104071
3168
122075
95787
21134
51878
42741
95511
93170
37863
115218
15510
11083
21970
107616
7440
39350
69564
121974
73766
116070
47786
26641
79687
50266
75783
35585
102037
7175
64206
2621
41892
22425
10251
22653
71810
108125
71130
121440
1378
64457
18028
40296
96298
36393
106360
82352
57715
118862
123449
117075
19315
39397
531
69110
106495
32856
78095
8921
54088
98650
83176
82088
94092
90039
4451
103733
92757
8076
36909
67747
108565
39475
68239
99397
6642
93091
43583
54583
39398
83686
2096
112872
43463
69472
97946
53136
105980
105545
87182
17599
105640
10632
101813
10282
100800
63137
90079
30019
109797
33073
35730
67111
92076
76850
122212
18634
67541
88154
70353
83268
45115
10125
45032
34173
21834
23372
14028
107038
60908
59499
4447
13186
103926
107773
34526
56763
108734
51012
53982
43960
47694
35985
81832
106103
56036
60157
113090
15428
87645
96155
52991
91469
84760
79527
72054
61496
92124
40865
99031
40465
61530
90088
52132
109410
16058
10081
62338
85663
8625
2301
110148
10218
11599
93746
81822
110996
67160
111587
24686
120551
91448
54161
50987
41593
33385
120026
115360
47747
111240
106546
71082
46407
50339
38960
37523
23910
114843
49871
52874
70745
17046
49286
5021
98107
113550
81100
56089
67733
42916
37984
19792
73169
81003
102662
100508
101782
67616
105516
83002
111718
17667
10394
8105
120625
69714
73023
92824
106542
86042
48647
100897
77285
77712
23560
24088
114409
62637
13543
92234
30290
54436
2239
50324
27839
105473
27191
38374
9271
78491
58180
123002
84146
112441
10859
109863
27466
72003
60158
65565
34965
106827
7529
71564
87821
116827
24709
114106
48033
11041
110035
100972
105949
110389
16471
37130
13073
54852
3355
48486
42388
71477
34
34243
109138
1370
28142
51500
42396
115138
32040
99460
119329
108230
43434
88145
24837
78291
78017
20847
75529
92577
121883
42042
57286
10418
82200
7350
112523
84702
58898
102853
91515
45123
65802
65643
112003
117618
52829
43122
109913
73916
73251
98713
71342
82611
966
34452
74387
3588
90109
36820
30213
74363
19002
35558
55610
57207
121907
75474
72424
12064
111621
19544
103940
121687
16707
49267
108227
95968
110988
121370
38648
29964
77988
89972
3277
73801
27744
19950
70451
87011
22278
59452
62351
16897
40489
33165
75462
108865
19621
54580
67416
22670
8929
89192
38662
94799
100342
89745
5638
8853
1711
86422
15137
97662
30172
29649
48730
27817
73382
32300
6476
2795
111414
25827
122747
47236
96541
5537
34927
19786
89070
1543
111983
82471
69100
75954
118501
70111
112555
64664
101451
46649
39251
88894
69798
39774
43479
73179
18459
5159
11772
7283
17867
16945
82493
20812
21780
65788
14129
42445
121395
91504
91786
70592
115964
67025
41496
100901
123426
56705
65963
118062
117776
27132
12084
9553
26304
109513
66516
38565
92362
28199
71775
65369
92953
77247
58800
108837
19129
86520
72368
27399
109512
61071
108271
106627
33415
60106
70375
43558
61559
56315
2633
18106
1025
33329
45731
9674
94790
60410
86558
115357
42047
112321
69469
96017
118949
71395
13327
65818
27792
91582
82542
48904
38914
89666
115509
60463
26541
39175
103489
43538
38941
123295
7525
63809
85798
78433
101461
55395
119857
87965
113378
88188
21146
53812
7211
91036
2792
78729
103675
111160
78597
13900
83057
38004
88753
103908
58692
66883
97948
95212
100288
105440
49440
20733
22187
84217
17374
111120
103084
21086
10603
49951
4886
120597
91239
14081
116235
67055
40902
16403
123059
79825
6406
58931
93151
62810
5916
41812
45736
80983
92885
17632
44876
45981
111529
97924
58324
109765
101058
103174
78321
109208
31319
55035
22611
18552
63487
50340
56433
73202
63044
30671
109819
24990
32224
44346
89195
74524
81201
87787
100753
59974
31803
828
86140
38644
116754
84907
34190
43244
119112
94323
67032
69183
21644
18077
119612
16272
25866
27761
113173
14789
76896
108336
68850
108921
37
26187
109354
41521
57152
99911
25173
64942
71474
48620
47800
70288
46366
36925
56550
9374
87119
118094
69371
10531
99486
113665
53781
85215
115390
37911
19907
38507
56986
123110
55538
49912
12213
108920
36885
63744
62386
40963
90605
36875
24368
69512
58739
35729
91537
70647
28770
42761
13742
113208
49468
25517
8276
2820
22372
43369
23293
102199
78619
68615
81237
121466
42828
33111
100809
34046
76063
63980
90682
110235
70130
71403
86971
113200
54756
25978
104776
19348
81399
97257
35157
64913
18073
90035
81383
17025
107312
26568
98944
73433
86035
77732
14441
15283
112833
88764
13157
46621
38903
73178
3862
72588
96619
57212
46875
47199
42163
53127
114836
49288
49140
44120
109732
413
106643
121056
53107
77284
80275
87808
65486
17493
29461
92983
123128
90121
122125
44250
96384
18912
33610
58661
74205
102673
2683
5650
45679
90614
7980
18268
91106
75615
29399
24049
5555
97391
37010
59412
66807
43690
87274
3623
47011
323
26815
112784
12581
106737
58788
61551
121854
86761
55381
20732
44999
56294
45066
13671
123126
118609
40658
35362
10941
62734
693
71937
79956
90149
58811
22707
51856
96190
21593
120893
60309
49262
29330
87439
79682
70718
23589
76814
55156
113954
49498
60749
81456
18888
8843
98479
38682
97544
36106
4785
60534
117688
114387
92292
117845
50337
7661
39220
110421
58636
48456
1886
105312
115095
58204
106407
84336
63004
53438
48529
37636
110516
114077
29715
53804
31601
106415
60532
5181
75018
78785
85721
59481
6113
107880
48329
19245
37091
85028
99769
10494
87776
103497
502
53730
110038
113575
106885
56395
84479
74563
68198
107991
45799
19130
88698
48212
65311
68263
29774
118774
34989
30533
52463
40330
120621
103571
79963
97548
40809
35690
18846
103476
65527
74093
112933
108496
105423
120458
100042
69978
55772
108777
111252
118158
41238
122242
20503
4528
8526
116179
53353
57638
60399
5720
24036
59222
73025
28321
12860
592
40645
9697
70774
53622
57420
46767
100551
43410
94809
43051
29846
71574
15974
85863
123012
3352
105922
10
92242
60507
30104
6242
40169
32636
92353
60477
36337
46692
47904
35964
101175
52565
80309
88174
77262
31088
52123
102169
27436
38428
59217
15105
62158
5922
38785
75269
77244
95978
110416
17291
8294
6796
77467
52444
54052
67379
118706
108532
117411
53773
69919
93781
26236
60038
111883
76217
29127
38581
113249
95293
108135
84941
109391
117304
54210
56943
17377
75602
70560
21791
61445
114640
63999
100210
34834
72883
2157
50549
100672
32361
45957
15488
53144
74169
121351
52963
56415
59922
122901
59671
49656
91964
89830
48900
31083
66402
50767
48999
65755
110512
35391
57436
79468
25372
24400
66626
25850
56285
63198
17184
66021
99492
59560
42501
111177
87729
44174
11465
73067
117729
49275
12394
118414
90628
86502
13896
104641
29209
85377
44937
92954
61700
4494
85463
69247
67584
95883
92541
74254
69367
123073
54805
111362
22970
70868
8988
104877
91037
18083
10126
59853
99873
69883
73176
30879
90525
38132
29485
35784
86703
30025
98159
7186
48878
100236
108133
110572
88890
33921
97384
71690
98702
76094
38844
29375
76006
98558
33357
58057
89446
20649
123364
34726
55139
103470
86111
46613
82735
21578
110837
65205
77061
96086
122065
10040
26241
120189
72777
1797
17305
27859
14494
53930
68791
97718
112192
114571
774
77926
13417
104647
96056
76716
78369
32558
47026
9739
854
99726
30753
76739
53349
62956
32317
25869
89492
18303
109237
108771
96148
17510
5030
116426
115191
72618
39917
97121
76021
71160
118950
11925
81543
76061
83104
65740
28888
32281
74163
15551
90244
23558
9097
54204
78376
90713
68515
40893
49965
40395
23142
96162
43420
4873
64732
2935
85968
22119
103654
88844
52768
69604
44817
66971
15172
11871
101181
105061
121257
23294
36839
13866
83846
109527
40333
104187
86637
70791
99838
21415
104809
59176
34055
83988
64968
14840
22764
114059
46399
83772
42218
21913
111511
101992
1969
51823
61183
46143
73901
51612
22144
94326
83613
78641
39403
35007
48880
103246
122924
94628
9035
117650
30356
9355
84716
33247
65828
17740
78884
63937
42931
17638
82398
119632
93358
121731
103393
86669
83008
86411
120780
74369
28961
68473
96897
41556
37431
75353
70094
61075
74971
38990
116479
1993
75378
68439
42751
35751
90371
48713
34693
38096
18170
1440
50427
116383
63355
54903
13644
29812
41618
63382
100846
115868
30229
121703
25022
9111
8866
106369
46385
57082
23930
9394
118575
119063
122119
89288
30815
111371
13057
108671
77107
115477
56069
72902
5704
112884
23685
92198
46054
54450
106603
51285
19125
14505
101909
13444
93123
3111
106917
40948
60380
118925
58109
30431
66827
49000
18407
41315
70474
25482
68513
112633
104073
71154
91531
73652
64314
21329
63319
107425
25136
65860
46500
97850
44563
82238
21151
82003
38663
87337
55302
101373
37755
60032
57579
35655
51258
59961
50418
63555
34241
101534
20860
2737
86547
142
83811
77222
74953
76090
62176
57860
56781
114435
104128
2435
67080
10222
66253
41409
57937
5698
29621
20968
28235
103133
83091
113620
21894
81688
51776
88316
84298
84250
118789
10005
108813
34377
78903
104601
9972
56598
53722
91074
11736
110602
81910
93644
108729
120965
28841
34106
35050
14297
79978
37649
6937
62104
116759
93567
28914
108354
79800
20922
99257
68766
46334
42629
36504
60832
9749
113960
64517
102478
7835
64253
104434
78686
55847
31559
23923
69572
52804
115102
113925
6435
95397
93285
98025
109802
40375
30919
33429
963
121690
46946
44679
113826
44863
117347
78607
107573
49499
77680
103372
40954
122741
6359
68701
18376
50078
95786
89260
67987
64055
21216
1948
1491
104003
101247
42702
81790
6107
117878
56353
91224
76238
41319
52284
66673
108473
87893
71358
80639
102025
109163
36110
20757
48948
31917
71320
105467
34367
88040
666
91347
70169
91137
34694
41754
74768
40651
47708
58892
67325
65586
114857
29565
15066
69133
33483
78283
80527
15076
98591
53336
52692
36183
99656
97162
87658
95274
123116
100012
103535
118886
64462
53602
69403
106921
16582
18835
109636
56422
40619
80035
114800
68332
79547
62249
120601
37177
87259
67555
87268
840
31427
120829
53036
65199
83290
3353
41869
87204
75737
77058
112988
63182
25183
77688
5891
25640
56494
27557
64572
35627
96340
63171
98174
66400
71611
48572
19166
89278
9656
85467
46564
35409
60290
78476
116397
24176
1334
76361
111944
98669
105124
75425
5817
110254
27470
61169
105808
22790
48814
24301
33784
104182
78615
11294
99313
121402
78473
26405
55836
5384
58659
7437
122617
10370
87679
115362
80525
83925
122142
10660
61462
37530
43424
101842
52203
74497
96761
78407
78323
96510
63719
45381
112139
27155
102205
49814
10048
121061
96125
32587
110223
59099
15321
17617
34465
39225
117273
55188
1513
14170
39101
69962
99630
50539
12760
56103
107789
38476
54520
88204
54831
4125
108961
60228
52655
16079
94740
96668
83333
41655
116826
41181
72060
71764
114684
95529
2946
660
1713
26687
8675
112059
115882
60233
100761
72188
55998
122835
60800
69530
35061
82354
65861
120775
35329
58938
47826
84613
109465
42094
69012
60050
4601
11150
111694
57110
48045
77455
87418
27692
62532
104832
56220
114485
76852
65743
50791
79932
85071
73992
11938
14879
98417
62507
32061
64528
86186
93490
17194
52145
53678
90611
113863
105930
102392
55641
105939
51685
47812
96737
36070
76236
27776
87188
8896
65955
68736
70348
18475
119100
66515
33855
63378
94511
96708
74927
121380
64027
120815
121924
76164
51232
28566
75699
73804
96269
104695
63413
44913
9653
109299
98360
69958
35365
5965
96470
60593
107361
40518
24390
21930
90512
27743
17964
35533
20487
10678
21555
55394
100034
81498
3385
46659
29933
62754
69510
105372
114333
34787
91328
113507
23139
79668
8352
104587
114240
23526
82632
61902
5899
69465
85701
56292
30316
22834
5599
52510
82754
117289
115526
78823
102639
87445
5984
97
88724
113267
37752
119587
56119
78431
94185
3893
19642
75823
10340
70367
70723
30593
20597
120501
17982
83911
122253
111357
53211
1078
44557
88730
92532
44775
38944
90365
57567
100466
33462
10577
57825
62400
13668
34204
47443
58248
82290
29561
86846
95764
73778
75742
24946
98420
11459
40819
119445
25917
116556
5062
83767
49139
93006
55533
41985
48947
116632
90700
19349
114718
92962
8121
2193
20985
48396
39995
13437
54064
91118
115467
52540
83530
39322
90014
28523
46346
19179
