7524
913
4952
3533
3026
4037
4301
2621
8634
1622
9062
3086
4721
7764
7352
1146
8324
7574
3274
829
768
595
5427
3186
453
2331
9822
5173
7063
3355
298
8468
5630
9245
6538
6235
8331
5064
4994
4055
3578
5354
5278
4528
636
5369
1535
7495
2146
8108
3437
899
6478
8443
7757
6381
2324
3831
9928
420
5441
3002
2604
4524
6116
7481
2581
8101
1150
7444
6928
8481
805
1388
6403
6787
6035
8757
3242
1476
6709
2271
886
4880
6731
6571
4330
7454
2196
6194
6632
3438
8169
7343
9784
7627
9805
4899
245
9312
8902
2923
7367
176
6809
9133
9343
79
1382
8211
3247
9731
9847
9681
4007
7469
2982
5096
9957
9284
6824
6900
9130
2829
624
414
4935
628
9926
4458
9258
7649
9641
8268
9226
3832
3998
9996
1822
6034
9120
7921
5275
9936
560
7214
3488
616
7557
5320
4930
7796
5052
6985
5868
1127
1436
1997
4757
530
6293
3883
6860
8246
9243
2769
7313
7084
3067
8360
9902
4733
5438
9688
3070
8994
3206
2646
7417
4843
1996
6593
8797
8577
7548
2270
3008
3310
5019
4491
4626
1202
9736
6591
694
7545
862
7240
1677
3864
7013
3522
9017
644
1786
1444
8464
4115
2855
244
9837
7804
4171
4337
8862
4404
5663
4356
1949
4016
4774
2568
9813
6799
409
9444
582
1396
6784
7778
3887
41
9588
2457
1988
9165
6816
2418
1122
8256
4564
9084
8896
129
8521
3809
5204
3418
5328
6795
8399
2384
1229
8733
4070
4094
4504
471
2082
3189
6213
7175
2208
4731
2298
6644
430
9441
8054
4711
6240
6744
3610
5865
3122
1240
1298
8405
3650
7295
6850
8557
8302
173
5698
8292
8308
955
9637
7137
3039
1666
816
2180
3645
617
3023
9083
7284
7569
5669
9925
6237
3250
8491
6290
2073
3211
8113
3748
8695
7710
5492
3558
4209
3345
5206
1494
4289
3657
4864
3271
481
3185
740
1905
6920
9897
2861
7736
1130
3073
7480
3910
5062
3923
1989
3299
3967
5468
9855
4069
9835
5011
6641
4227
5573
1463
8158
7016
3133
5740
7345
902
5307
645
6322
7017
4584
1675
9448
5099
6711
1220
2141
7391
2885
5312
7146
1208
1449
8639
6222
4776
2054
4283
1224
7797
3505
2259
3620
7636
9865
2081
4589
689
5454
9768
9464
9299
4184
9175
3261
9325
3013
3543
1634
8686
5254
9493
2466
4068
2135
1729
6689
2844
7752
6738
8880
7551
7104
8968
8074
5568
1206
5556
45
7085
8307
8574
6384
5386
4110
9766
8512
7489
5996
5202
5029
9224
9749
7100
4021
6464
748
5723
690
8345
7076
9789
942
5954
4506
9093
382
5848
7153
6840
8758
7992
937
638
4735
3352
1458
6480
9991
1849
8645
4186
7932
926
4046
9524
3757
4826
8773
125
651
7329
6308
9068
5785
4840
8472
1414
98
9363
1539
2873
5685
5024
7279
4041
861
1223
9011
7269
3109
2025
2623
6617
2866
8168
681
998
67
8181
9385
594
547
5223
3139
3012
510
7162
7825
5778
8422
6039
1567
5980
3255
2320
9630
8202
9327
2129
8969
6891
1562
8075
9247
9697
2618
9396
5404
272
9189
350
95
546
9030
2663
2287
8141
1832
1589
9437
1876
4489
1472
5
6093
7580
7635
6534
728
274
336
2479
2606
3915
1431
219
4780
9418
4573
100
5854
6936
1847
7867
5485
7503
2411
2488
1392
5895
6097
8107
2492
3031
9451
6259
7415
1603
5384
1159
1735
6663
8984
2499
7561
8087
8498
980
4224
5021
8775
7364
6140
7748
7632
8945
2927
3893
1896
975
8266
3839
2420
8555
1990
5262
8944
6079
8527
4827
4645
8284
8752
9201
7762
7003
1944
7607
7909
1469
2223
8854
4344
1217
9490
6012
7178
3541
1179
8380
3152
7889
3574
3730
6913
6727
7534
9636
885
2788
9163
2768
5738
4011
2176
7555
8035
9468
4536
2782
2125
8381
4579
6095
666
2218
4109
4280
9482
4025
8985
5355
4963
2358
1841
8448
3305
251
2444
4199
3535
1254
8143
649
270
6602
6930
5392
2857
9730
5205
4746
9248
2763
7330
466
253
1378
1609
2402
3382
1504
2650
6451
2779
5240
7222
9338
8370
4024
3424
6615
2745
5150
3415
1301
9595
297
1653
4741
3207
9683
5322
7669
1112
4701
7826
7227
7114
5458
6949
4451
6177
5046
7872
3632
4900
5302
610
8821
5242
3331
8503
1192
498
6210
6653
6450
4752
9132
5193
2229
487
1693
5315
1737
866
3656
3034
8081
8791
1425
2964
1541
904
4490
4413
7567
92
1239
1297
3084
880
2693
1843
8681
6115
1327
7733
2302
1758
287
5214
4218
6283
1884
1070
1281
2447
2116
5101
3957
1564
9032
4867
9694
2345
2211
5025
5852
1946
437
3582
1965
6975
6662
373
2698
6782
3529
730
5152
9471
1291
352
1246
6542
3038
1956
4907
5961
7587
201
8167
2154
2833
8205
3855
5816
1778
137
9388
4890
1829
4965
1320
8423
3384
6513
9997
5129
3968
80
6574
7934
6887
5339
1054
2396
1237
8339
6208
8186
1639
3781
2932
5282
8911
5535
559
7272
5632
4539
4363
7414
2598
8003
3118
8333
3988
655
665
8608
5617
9920
8325
2675
3874
995
2058
2235
4881
6999
3055
5717
2810
1128
5373
9800
1152
6532
1881
9176
7494
9604
8064
6607
2115
4755
5464
7320
5676
4632
9035
9417
5041
7490
6837
9656
2272
6076
6391
7054
483
8811
9353
8679
8140
7316
9648
3818
3704
3617
7938
8456
4425
9661
5545
4125
1342
9795
4717
8660
5142
4134
5479
3439
118
6621
5670
5867
2397
1911
2678
8058
8214
1468
4912
3641
1844
9086
8400
5933
2947
6841
8172
5947
2753
5107
1971
8870
822
9462
9727
5636
5595
7338
7205
3628
9850
6729
2739
9866
8416
5158
5972
1249
6697
5222
2883
4303
1369
2004
1013
2522
8122
8441
2631
66
4724
2946
9684
2007
8282
5196
7203
7360
2130
1213
6090
3450
6605
7659
1021
8436
1452
8406
8408
47
3394
3379
