60499
97014
7910
119326
110358
99866
59945
76218
6216
79178
1067
53756
59594
114682
90598
60021
107623
118734
14426
95859
42238
97351
3830
105113
45601
113974
5387
111301
44842
96415
56627
102959
71208
71778
116558
94434
82718
16066
8183
99106
51492
5219
8165
26358
120436
118934
70324
18767
78992
109407
95987
95429
85099
74177
84714
22591
69982
8551
16416
79586
19793
87053
102830
20965
81606
77632
114559
90583
80349
102816
31125
64647
48596
57671
69703
70601
68901
37227
20457
106279
36613
118860
102394
86397
53989
33480
109577
92844
74409
42669
38621
72706
91779
12144
55217
40936
102834
97947
10358
77427
8226
100801
43215
92307
27904
55634
34064
57515
60846
51546
67827
21562
107843
87128
98328
73553
78300
88118
68057
97925
29560
10962
51518
26957
23951
39071
42438
44195
67766
80610
46949
67971
42759
107287
8224
117917
95134
73342
73782
91171
21958
6541
16919
49283
79049
105711
88024
95588
41002
51871
48339
103101
103529
48579
449
18841
4697
45453
8558
72790
16728
83722
119403
119115
56383
86785
105454
57614
45596
12054
117097
121635
41159
24
56650
43006
105435
117925
3733
103990
59609
59873
114873
972
9218
123238
12069
30318
117060
10073
45564
11586
65939
26081
75268
57990
102620
21007
67401
7873
1303
99722
62474
71947
72032
102523
83525
5122
63685
62513
5225
87855
99544
108272
86084
42998
80626
62716
45818
22636
60612
3638
67899
42771
39466
84581
114465
116359
49402
100828
110779
68444
47152
71578
109228
58443
6952
88045
60396
36314
75599
115933
24213
107853
9626
120726
104301
48753
103295
117836
107492
51376
104080
46049
56841
75838
48059
75545
100731
109434
57801
45978
25189
111993
12938
117009
32990
104511
30085
86598
90274
80632
9913
16347
28849
97700
20107
46485
58572
28899
87130
84590
117053
93933
84414
30072
100903
75441
17486
52858
84531
52517
24179
86175
110112
90849
2306
119827
14961
93474
3921
16036
59758
69280
107770
7729
92681
91417
18922
37243
52419
14965
99219
13498
48686
43193
121065
43211
329
11768
29719
15712
9099
28254
104290
46879
115542
19931
115039
114395
107921
52257
115951
73063
104353
10130
71144
102188
103454
99059
74081
106470
50871
35468
67580
51765
68291
83063
76654
97888
117031
112905
19025
109225
43173
74730
113280
54309
59589
89151
69774
29401
70903
245
36344
29030
91634
78614
6614
51615
7428
85333
15632
38862
85156
62445
80641
57658
26707
21916
4092
78199
16405
27571
9992
33909
27279
7373
54266
110687
2048
46643
96804
121594
36211
35711
47181
12007
110466
114431
120186
75563
27023
73643
58600
14713
61052
51737
10056
8427
36083
14982
41632
5229
28148
42085
114556
64443
57406
6794
17872
12330
9564
101215
59726
52009
28345
20889
14078
61352
74359
77030
106725
14774
55803
9557
44620
1032
96259
36015
55705
53758
65325
80619
66351
38437
104488
67684
27208
101972
103837
60646
63768
60455
68040
104546
58903
17290
118717
1931
21424
35674
71223
95259
74087
47193
85008
35903
81493
66528
53888
10034
7869
119996
108291
13196
83483
81005
111510
76330
77863
89659
58266
71045
90810
54469
55210
27908
116371
30687
77094
40684
106334
108053
56792
54694
66124
70268
107547
43694
47661
29109
10763
116667
36033
34673
49837
19821
6521
79395
61447
95459
76319
70120
113209
51142
89419
18755
90032
1112
32181
90521
34455
48501
118422
18669
102530
46153
90672
3094
60406
18468
38290
82730
77153
23721
61602
9503
42242
29431
19021
65283
97185
26849
122200
36501
10642
25861
52919
105453
106536
54181
43247
82565
108089
9773
88745
44436
77046
35740
49540
70040
59207
114915
25338
80528
13037
58576
69261
104770
10894
59431
79260
76334
44099
118332
78609
51722
43245
67394
115579
94023
47564
54156
51709
45394
77393
17799
14209
34478
34081
46408
84434
19728
62970
68620
81590
17163
41382
89839
113055
50766
22822
16777
91882
25256
48802
115914
59811
66871
105226
46866
56364
64002
39851
80297
16230
110935
48253
3983
38776
85390
88189
90389
56888
12229
65312
37387
22753
44958
55502
77207
13868
75363
110474
34625
65857
31036
70954
26286
115426
107099
45362
114412
52358
122388
52271
30900
1554
92079
110645
3320
95824
25159
91704
54130
49172
46973
34516
5438
99495
7098
44194
14782
43563
91663
48792
44021
104026
28176
49507
73710
2588
8816
89807
53194
69823
27025
6818
47020
48112
56325
96739
87882
69352
85818
118825
1952
24803
98300
40620
95908
39756
66517
69481
122031
30633
45990
12714
118003
58829
99462
60719
43392
8454
13191
54979
82231
31948
35513
83874
40897
6352
87693
58807
88638
100478
62765
122702
27607
2521
90392
108673
103824
79110
62940
85264
50955
17876
60678
14250
100628
37816
112062
54699
99280
37269
30436
64590
60101
43355
22726
42572
103492
93648
28889
50125
113889
32767
63769
44722
19102
26787
18581
80339
82185
15736
5692
7569
60732
82304
60963
30729
54399
193
89156
92172
77000
45581
47723
44467
84503
26113
32133
92039
17114
12283
64364
11827
75288
90767
78646
57933
82571
10514
6628
25153
119985
92202
44812
100842
77812
51990
52787
76552
52212
85327
80516
119386
56468
96432
89631
52097
25247
95642
37034
30327
3643
89017
13840
4709
46402
37165
25957
82334
74038
100344
68053
113373
69143
41527
52813
50677
13366
91620
30735
29376
66941
72176
82381
76978
90068
47271
45185
2546
69054
75430
97292
97368
1320
69686
11208
68124
92158
75706
95365
77477
70316
66540
27746
72255
30056
59632
99238
28444
105843
117691
4762
69042
77914
94018
61294
43887
101940
9249
116018
26684
71855
39834
12361
62375
67749
40323
94106
121567
56696
91345
111218
117442
55253
63026
111389
12242
91675
5748
76782
120684
2899
18625
87832
2911
108018
23826
80479
52296
79199
35079
83276
115341
82511
57602
11779
42668
50626
74033
86131
71257
89078
111020
68213
36373
118764
22151
84810
84862
39567
20872
43903
13508
34391
25471
120716
47550
115023
122754
27777
116955
87401
78810
15204
72061
65481
6751
92679
9832
24190
47840
72529
121646
58153
94725
48107
77294
79576
98844
73388
106299
14582
14054
80546
78781
91101
9891
111533
111627
62041
72275
78973
120117
119621
24153
3309
98918
94016
22554
48550
59122
18987
114906
81844
74538
100189
49300
22630
22811
113853
69624
11250
80243
50725
118968
60108
49258
114588
19036
96551
118959
41980
17721
10349
102806
77233
45128
92246
16147
83454
122365
78325
53894
61282
14529
96488
76424
121410
16059
7085
45044
112455
17020
74893
72812
71183
40817
66830
15043
69117
47949
89544
116216
93071
117029
90971
78336
77581
121495
1629
96440
8118
68319
72064
118113
72096
49009
46466
48131
58570
3380
95875
62974
87114
29473
21124
94504
66578
97851
42821
29318
35645
8044
94245
107523
44019
122053
104455
57386
62069
106730
72233
23682
23182
1463
67051
73032
117428
83186
58368
34823
49084
62566
117968
66259
64240
67458
53502
122968
80288
83656
115775
102084
24038
75496
112089
8189
1312
68567
39160
47673
43526
34953
61988
73244
49381
21948
68447
66670
36391
21940
26467
20225
115685
8494
11172
53905
101193
66865
120719
9563
117849
68325
2133
66976
36160
38095
5222
48907
41348
108500
53115
83132
109362
45111
78712
120528
14661
87251
15696
75010
47040
96588
114256
26204
57067
85176
89219
102646
16385
25810
103657
25096
45827
72409
15471
116849
68780
71702
109635
6139
9549
110375
85978
91817
23608
65691
76486
362
17938
67568
36773
17207
122147
101931
11850
14195
2368
17628
67309
36179
59650
10407
30810
103012
50195
98707
17541
3331
25910
100457
78062
52865
114977
24983
94941
44541
85883
120345
70809
94071
85985
109614
58364
25194
96887
48864
86878
102801
110396
17808
106389
21309
122012
32578
106679
636
73136
84376
12571
111276
79463
39190
58676
40836
107707
92263
36040
55084
90935
77722
121038
99701
118483
6935
19979
65093
33495
111996
47061
50794
122054
19497
90470
74549
16044
8564
102493
53899
2609
64943
53647
119951
52900
55075
111477
74518
31561
105514
68910
8176
34297
80510
109008
14896
8102
67186
54112
13164
50801
115584
22963
90308
51363
78540
39636
31683
106324
23555
46873
51813
18321
91810
104160
25901
120256
55316
38264
22951
73362
42599
44290
76913
42159
22536
60416
75999
76426
57903
58784
99801
97353
10359
68181
33408
121483
98430
13230
20762
68127
48081
74965
68595
85261
74306
42753
79445
45200
84239
110702
73480
37040
17615
24093
9691
102065
115454
21708
39584
32525
32246
84246
111554
1111
304
76145
28959
115507
53441
2477
98445
5526
102190
123241
102557
82940
39427
100605
110812
103397
91997
63515
64135
121095
93782
38071
105062
54658
33010
84163
55260
8014
5805
98744
46217
37057
120950
30167
20618
74625
70475
77969
100222
100733
56342
79232
23315
13871
112791
116410
19178
30418
9893
95753
46927
72583
44343
15640
31345
46693
64539
32058
42803
28121
28927
3114
77486
102950
35341
113105
4248
3166
5429
32554
21340
21164
14639
47370
71854
46615
4071
84608
52917
36610
31606
99529
51402
81289
108092
50411
32823
118779
8163
60531
111302
34070
52184
70633
30831
46161
13859
54691
100082
35084
34198
68128
101741
20219
12919
36053
19300
7379
37092
75539
77992
5795
2878
92057
14858
91125
69613
66346
53486
58344
7680
87019
51874
98354
7042
115903
29449
37802
103817
88663
95340
44283
106731
50501
46889
9325
90471
93816
83757
83711
102576
54405
117698
17385
45710
41747
5823
19960
35746
106459
59190
75280
32101
122697
72363
9165
18225
29215
54634
58740
105525
54270
44583
91698
68619
29465
30532
36333
10500
27102
105283
35776
65166
26803
27487
97410
123040
47816
119372
32175
104415
120025
62939
75033
74899
24819
47021
101674
79854
98936
46632
91097
119577
21971
102937
29734
86603
117482
102735
17711
72259
108375
21344
34616
1885
5015
16578
78605
107333
12769
23787
73996
20788
70982
6647
34641
13268
18088
94586
97294
51085
4941
47082
64383
64186
54993
41470
99969
3960
19393
84605
76839
107100
93255
119216
1399
83396
69223
46277
94280
70319
3544
8239
4065
30014
29847
91775
8617
113602
6845
12948
122405
35470
53235
122538
95248
21846
52592
5500
96788
25689
46834
91986
78941
22561
51384
63472
98370
108251
34789
95270
123421
71262
104906
11689
65970
14930
17564
842
104653
79540
67266
59080
68072
84334
74781
35477
23598
14308
20558
23925
36442
89575
71491
87152
34409
29901
38085
51119
65638
41275
23472
1510
122462
43881
71816
118239
123084
13448
77047
23917
44835
77311
16192
24307
102897
24690
28701
102185
36230
10490
16362
104211
26615
27455
35664
60811
118993
5489
19139
82388
29705
2420
17954
116381
118588
704
122579
99926
72146
3805
114414
95222
70175
55009
7607
58853
17302
82253
98676
54944
22075
41750
22078
47969
105603
64750
119834
82293
120142
108307
32738
73384
72171
14804
63381
66982
94964
5330
75908
28706
72008
42921
74839
81183
9532
83046
32732
59755
21304
35023
29205
69492
69005
42340
10561
105187
45346
117803
71768
41138
109810
8354
112768
43260
71388
20791
96326
72802
98580
36620
110515
80214
34196
87511
76860
103265
38887
34238
122230
48459
47259
67446
116158
74449
55541
33258
42626
3117
89960
87174
59370
21947
117608
118195
70547
119952
32289
83741
80195
34186
89894
20238
59520
107021
43257
36960
68081
103925
22180
76023
55524
74561
26646
48906
19344
97770
118944
73462
56075
83314
97111
116688
29180
41939
65445
109763
24023
101847
12331
46152
106318
81983
32560
50033
98824
9358
37610
87548
50373
41458
32551
34038
67778
95378
32340
115291
3100
80469
35568
38183
70827
120945
103119
73691
31283
24285
11842
19977
46061
26257
102892
108559
115210
57349
3106
110869
90660
47996
6949
51075
22012
9248
83847
16766
75020
33585
85283
123361
46637
3407
26888
91717
82651
69754
10983
118469
81720
11393
56766
100676
91279
59559
72256
112031
16997
101361
78450
88148
12753
37251
63891
358
42676
21249
93103
39049
61353
112309
70436
76674
14313
116366
78122
100032
89217
107603
109004
86985
26599
12891
4481
4370
74541
74691
1113
9311
38006
118630
34505
39315
84264
74784
96636
15641
119232
108317
88334
85168
114567
36860
75094
13729
58945
71305
89024
11437
74673
64332
49593
117929
81487
24154
95925
12790
31535
22279
73589
107666
67530
98843
65269
116478
84614
89684
94602
44141
116775
84644
68347
85526
1040
18545
28612
94171
6126
33342
61089
89583
35524
47615
9892
47947
65632
70615
28421
43157
114573
28826
45993
79408
35039
20711
32241
58677
48672
64354
2968
75429
72319
88994
89321
73594
82652
22498
64333
12320
93945
62782
5124
37142
59072
80550
40593
119869
114155
118669
111581
9480
10605
3810
44166
46268
36100
12358
55378
95880
21460
64908
96295
95592
50202
122992
29448
50492
105063
106645
8962
25713
96374
120202
68511
31014
48669
11390
17366
79034
64554
101797
116794
3637
90235
66354
24868
10623
21996
83139
51025
104613
4373
95806
52841
97124
73925
88368
61788
59864
89274
34688
1055
107763
98270
74826
57594
120177
50972
112491
78629
7837
112821
63220
44718
19076
109861
27517
100947
69239
39540
11152
115113
38845
45478
114182
12462
51979
65167
40481
103826
38423
35340
53442
9481
59868
7168
98135
26580
74529
6205
20995
121467
102858
40190
67038
117930
60584
68909
61553
38410
67544
71584
115465
34654
111906
76157
64624
82445
122203
109757
58020
108118
41197
45367
26505
65318
38826
83892
3125
34812
85031
111819
58758
120082
101420
99324
6554
24105
77566
55237
80205
7977
78718
54379
110748
88632
101846
101302
59798
6763
100641
86795
11353
116324
1244
30087
14537
74084
35036
19418
37134
70623
50300
7033
37344
38057
97228
11914
56808
81978
114080
94499
67620
64260
88229
30714
105305
46553
122962
15017
95723
110392
92445
119813
78667
6420
102283
100071
96363
63314
74257
42740
122399
22526
926
86865
116532
12803
53745
26774
38546
119653
86109
59732
102659
79349
118538
94163
72400
36799
114850
67323
98177
53841
47764
90012
7362
98513
17422
64223
41287
1144
120203
27103
95904
88674
41956
83528
33792
62211
50326
75004
102413
30366
26777
2993
27267
8297
17063
78390
119629
46645
121882
65827
116592
99856
31638
54854
49503
69752
57691
97867
71101
62281
23392
108629
110096
13094
62273
86639
97267
28583
38996
20647
16751
78423
12633
23696
23965
58360
44095
14694
31478
43093
87494
110545
112634
98537
115179
17482
65395
87697
14269
14105
8825
22083
49786
104934
111736
51545
57681
23265
107191
89524
115159
74134
18295
21368
80773
20552
14730
5840
116241
72038
42130
34129
75683
11449
42040
96822
56078
47275
79688
68968
10272
1572
25409
72846
51313
55096
59816
23346
46990
7166
60026
86453
6512
63201
54114
9364
112528
101067
15901
11195
901
5235
79993
84710
87158
21976
22236
3868
85598
69921
59427
111039
1172
16752
25353
45096
61421
11463
15973
103419
87850
47170
85301
109841
1646
19607
116452
50903
30872
16880
6986
28171
3595
69085
78111
109911
78796
50368
35775
86638
33441
37602
21215
36360
86868
74525
29279
74432
54524
44271
48651
53135
4124
68884
50560
69486
50717
101033
118686
118351
5947
91699
14642
99000
91899
43033
97539
38946
50979
83841
18798
70494
8155
21589
112584
18496
10420
1184
35935
70033
57106
28221
23271
108501
75692
10966
115504
16570
63658
74929
63542
10932
122349
91372
81316
64795
75265
3628
26548
58203
71508
111905
25607
51454
51169
68675
44074
104394
9998
204
119896
64541
72422
9591
35311
116756
37712
110004
1118
29230
21047
66161
46457
67794
17993
61332
15536
76755
119792
79608
120249
71569
110940
9842
62663
6289
92666
67215
64215
14910
64609
70839
4294
53231
92815
105035
50206
56056
79303
32084
116719
17404
122239
2184
81219
58292
56904
107046
78313
22986
86666
80124
16908
38523
71149
821
42041
109956
30295
87552
71433
95411
12380
73013
56387
69193
70733
60840
121692
91772
95006
53133
76437
100305
43063
26439
83398
25072
88479
22181
12859
102714
52147
9519
88602
89948
19775
20403
112096
83362
92424
1533
20138
80985
4608
102561
62822
83555
114849
77558
8097
37534
71952
35623
121235
33673
65713
76972
119387
81409
676
27151
34170
107851
104012
83770
106327
16434
93239
82819
36745
16954
40119
7602
45974
41366
115546
68458
38985
56377
48528
34321
23977
120437
93476
104443
31026
6999
33903
29300
85237
38212
105271
74262
56009
30182
74143
39840
95284
31732
113497
80534
74805
70608
108452
29026
66457
88327
104637
30551
28407
32531
74751
57636
68834
115322
7476
102178
38994
93320
47217
2450
76539
102198
121386
41768
76323
9147
61612
79245
84090
85675
13354
22601
52268
99592
62669
70974
25932
92565
92867
52790
67946
59382
108446
111449
85023
89523
59808
46060
740
29340
51359
7860
118727
122438
18680
61383
63190
16018
104498
66661
14306
34848
100056
18076
33932
58042
13569
64428
45951
40540
113050
32155
64765
7455
121825
12746
101481
54962
73140
70588
44306
112126
115263
51371
101710
39433
105546
54825
32792
94737
75847
59511
43841
47613
118703
1086
67990
73304
75978
56935
45507
41723
86708
90077
2103
74569
70458
56289
120787
21635
19517
71010
114765
82760
119808
52507
100453
22540
2387
1409
109769
94843
59281
26048
41658
91143
104500
117047
13450
21372
60848
36549
33898
43503
101189
86606
80088
71375
39885
18640
78714
22767
7220
91387
92505
27506
44476
89447
93723
24064
45530
74238
88613
97746
109392
29963
35782
45688
76173
33593
92579
117724
2857
32258
50941
118739
106473
30423
23408
18434
53598
17440
15363
6756
80252
82650
8204
57611
84628
39162
1912
34066
65046
18796
19724
22801
46628
43438
23283
115147
95062
2761
72629
37878
42823
115092
6576
87369
111222
97098
83645
117857
16422
26178
74604
53819
86222
82535
25943
74623
56116
72340
23688
86185
102327
7144
114439
28932
71108
36209
42070
52095
62776
108363
29367
105724
115081
52944
37095
116413
26404
60087
22502
65513
72246
36281
68723
19257
101063
21704
27925
50591
22106
61838
91464
83793
48508
8249
14326
4635
122216
99784
51584
50370
34709
6436
119192
90272
93988
65220
55830
92594
6369
116052
63018
3754
53324
27430
29458
24661
90491
41478
50024
85349
63668
45464
106728
26278
95040
9561
101384
63363
104646
51478
119322
57205
28348
9894
21692
2392
26625
29557
109935
5378
55088
72116
118556
18694
101170
75494
89021
20114
34143
1995
66166
65364
59203
113733
120999
988
104533
59538
38199
51410
92942
59252
103322
73806
23009
32499
46995
48791
40549
70550
12029
59912
116822
57877
10553
110738
121215
21449
108158
51960
92164
78226
3825
103878
105693
18449
87986
74534
29128
114389
21690
40674
119150
24215
123356
61958
84417
8360
48535
24313
35869
52636
70030
64035
67983
58583
26447
56452
12419
17476
91953
86707
118191
80332
66300
120962
80212
88741
61458
41106
60985
113422
18241
83896
116918
75646
74992
109784
41421
18264
90080
65490
99651
69131
65471
17776
33368
94603
87117
100598
115375
61125
11977
18448
101863
107292
109381
21937
27879
96940
80841
18571
59837
21359
61523
58391
46902
83187
73282
12921
37831
7319
25253
34053
14521
13576
4957
89411
87622
56016
112211
79858
19535
94976
19622
76082
72964
58780
35616
49134
28547
9278
82277
7347
42807
4357
58484
61170
54846
93662
27868
79188
292
8762
92144
50797
105317
69387
115346
97286
64140
48604
106008
13975
42565
51485
16617
72215
97364
99343
106001
38998
26095
55614
12076
33390
99667
101318
85764
42323
83501
86793
43489
8740
41129
113016
48980
38958
122661
74756
87404
91512
16300
90180
5576
54449
27943
77498
37145
33191
66193
77361
68126
102545
102238
110989
80737
15293
119914
8502
47056
79308
48605
108477
33295
94419
67803
69894
53365
63436
85744
87120
83096
10652
11600
45483
17249
88506
47015
103685
119064
79339
80643
52864
50506
80925
104566
102843
66642
49345
21953
117716
107846
112256
49824
100211
897
60211
106941
62482
68809
29091
1311
74906
88237
2858
68370
76657
10213
25101
67042
57488
4044
37162
80769
101979
49959
38275
34846
28541
48083
23516
12629
43035
64981
99628
15365
103326
81885
61574
106316
98955
56623
114752
120940
47966
40789
472
3860
122322
43703
77428
107607
108561
106128
98832
74196
81497
100821
10910
121688
90652
107373
9954
63995
55353
110232
101158
111940
74157
49496
68628
121503
7028
14080
44859
27811
119774
85763
38280
96120
41906
8855
59533
90200
104726
27090
47957
99778
75418
32538
44709
122892
21961
3103
39955
9204
119484
121530
40986
115825
89920
59271
90367
69392
60250
115540
8134
122018
77704
76423
19955
108674
31134
16784
67804
99924
32822
28986
19045
46845
117871
30197
21824
107982
37331
60435
98500
23145
58783
114533
28170
31107
2979
21980
118996
61159
13912
31680
119079
43532
9995
7089
104449
59270
53509
72140
53689
77091
93840
12593
99884
9554
97843
51563
39429
3335
66638
8374
54472
34148
74746
73437
33992
30921
89068
81169
11836
3555
65271
86931
14113
56406
16240
64008
40624
46003
94849
6462
28843
2855
104043
27975
79330
55778
46486
89397
36600
36146
84135
118427
117712
79710
87625
60803
27731
75610
118498
23280
15023
65988
75753
63050
104600
46441
26643
113382
122186
17069
50224
105881
97393
40097
80517
83141
16942
66093
113982
16432
2637
110314
14891
115356
34877
103491
51216
96072
52479
61658
7269
88559
75751
33355
49712
45640
84946
98716
3218
113269
120057
29533
44633
114736
116180
40255
29669
75080
109179
115265
15593
1816
122552
16145
26699
32162
27712
90307
82010
55653
31040
66750
55885
75979
46780
74575
110933
84895
87163
104944
98302
44117
56682
110962
43121
70931
57535
61721
45817
17068
64740
114537
28414
109766
63446
87236
2509
43996
66446
91362
42540
122291
26744
97023
99774
81968
122458
50617
95843
68341
13104
29479
82907
72773
102111
108482
108895
104523
108470
3716
18366
3616
121931
104554
30924
121685
11219
90399
31595
23971
18936
29642
91109
96768
54271
111726
77835
93560
119178
118246
23738
91061
18014
44517
83499
96973
23375
10870
90454
13314
31534
39729
114576
108817
80253
52255
19616
108088
116486
46820
7401
48200
111608
72611
109915
61679
27178
108590
8399
3690
118559
113624
112063
47176
58003
24056
39820
77826
3722
108097
33315
62902
110774
50476
30113
21479
52619
68219
98454
42840
18911
94911
60624
82807
82916
23890
119247
117456
91864
115623
7553
107751
114368
108066
114296
103377
14658
22052
17828
54361
82233
89330
38664
45722
28243
101651
8532
122214
64270
53447
70878
117018
80366
82212
36097
43938
97842
105379
88216
56219
53507
38834
1647
47839
50163
108292
73616
114384
119636
11169
20275
96519
32232
95682
5464
12468
50238
123354
35060
64117
121802
82727
27809
3469
97065
8274
12274
49392
78026
119909
105026
96817
82888
63742
56646
22285
6095
15785
51269
7314
33437
75878
81445
117800
78591
102705
15837
34614
64601
103565
105686
52852
1618
50177
107186
112772
65929
120884
104971
82390
38549
26486
551
75241
30566
39639
84437
94847
111772
22152
19225
80232
62730
24487
116046
86145
80003
64168
40453
59810
114038
62147
64376
92455
1981
109547
84744
65530
44357
61082
121118
60640
111771
110187
50157
56426
56427
47277
67256
77640
29950
62858
52738
106624
8739
89585
51415
75796
8974
111541
71379
31170
112032
49479
71977
120438
77789
85998
121600
58625
92019
113993
94028
90349
113397
95615
118822
82101
103185
74274
110999
115323
79293
74302
20150
895
36580
27766
116059
1371
83655
78836
67830
55274
34443
79097
40347
120988
71933
72876
52652
54687
75663
98556
31394
89926
11395
16645
116026
24299
71014
90219
82211
88383
45289
74792
3985
67030
91563
42621
87255
69266
52076
91690
83133
63394
52036
120102
109476
64684
122575
71280
4472
7506
79646
114132
85381
58988
41336
119962
12606
109745
56497
109828
101106
29041
105978
5997
112739
116863
48967
105654
62340
19963
5621
95363
13739
34640
81762
79091
34239
94447
113921
35926
5279
122717
112823
106052
10833
69622
106156
61888
81155
68167
39235
6250
86146
112777
5609
59429
96005
7683
59583
70233
105511
93315
9639
22682
16642
23244
2069
13675
80172
83531
79998
1746
120035
84932
50315
54695
101585
24486
104754
97922
106167
110902
64802
12170
61639
110450
18604
104942
99506
9362
62574
21186
3817
9043
39291
46458
67283
85275
105395
56059
36974
60278
51125
97069
115782
111210
118503
3002
112404
110808
21805
100377
73515
104675
12997
85954
13130
77166
63860
79258
30768
50885
83070
8801
121689
33300
98998
23151
55595
89824
1927
52141
84281
10402
15786
13202
11148
21300
65952
77032
71563
86876
113091
57244
121741
97355
36441
89762
38118
42795
44024
111169
81146
112849
22524
106452
10580
44055
105963
46681
57646
90493
83629
92574
76720
71595
42444
39380
65006
38200
41863
102617
111172
105747
121425
21015
14916
75752
24947
117798
88483
123336
55177
83646
113049
5562
91218
23866
80119
121699
96723
51393
81979
10172
48629
49365
99695
67665
27921
84069
92043
115384
108751
106871
113630
56753
19773
72074
64972
86948
101810
13994
108337
78078
69879
75322
41830
117203
70856
14750
74596
44073
81335
28224
116927
77542
57006
62018
38002
84420
102077
91014
14620
114617
29474
47916
35008
94285
22127
70955
74179
5533
107131
107334
71200
33962
88284
114114
77179
56820
49642
38755
11870
89353
13126
108269
86997
24712
46462
111793
20969
53392
74354
109490
39691
93008
54767
98046
30827
13805
35467
44539
60338
50544
13418
35326
68575
34852
102488
99912
35388
88222
100857
27401
7332
91376
21793
84256
118294
19374
34535
80392
29226
79772
53307
119687
78415
51957
72849
104468
44721
81548
67737
75007
52376
69822
96974
30979
115175
28723
32110
56331
75525
100998
95830
40064
75460
89181
27284
4951
91948
78186
13894
87355
16597
9033
69920
30755
32675
61058
3671
98503
33720
55821
36080
95350
100237
80961
95773
69428
36271
106395
117206
111759
32528
3362
97542
50268
100141
102970
19073
23997
118097
76511
92257
121612
90160
117161
73076
24842
6427
93760
116363
86312
38629
120
77104
70876
948
119082
31190
119059
109657
9843
19784
22930
122881
63030
46432
121992
51282
60471
32406
53505
62371
40092
80330
121392
55806
55761
36345
29324
58533
57656
6897
29017
58142
37836
120592
15743
8928
82204
64020
107138
82434
37621
13689
120617
117160
35344
41623
105475
60639
112108
111629
71874
120449
14602
6790
96275
111646
62052
118256
20250
118024
50714
110680
65331
116525
70492
120262
81410
11004
55322
15530
49357
40861
33388
99858
75160
9086
47028
96892
51366
21744
84011
100350
4293
80089
113210
54777
30965
94817
27613
90714
82457
104058
77612
72174
49608
84624
98220
34901
811
67360
47919
66798
92249
83602
120030
37876
16995
23463
28674
63421
21921
1555
7940
121750
85110
25176
117940
106876
56005
56853
67889
77739
96472
17902
37568
31999
64940
14016
42051
24818
33926
33525
93589
26645
72665
22032
88814
28904
48737
20263
16351
2653
21328
100936
157
114869
76962
75319
17320
82805
9632
49519
73211
48809
109858
104952
90334
123132
94648
80343
16279
111096
17646
82541
66860
53826
43103
75224
104345
119157
41398
108225
98398
32324
98665
25949
74281
19346
120455
32016
5113
92657
79556
71951
114149
111290
49368
58608
60565
80797
10431
62306
351
106652
42241
50395
46982
107308
53367
31442
5639
74000
17418
122315
33144
91746
38988
113426
106416
118657
54530
57828
120087
85746
60645
111310
25477
50785
48264
92380
1452
107957
54510
80187
90238
6921
25442
36752
112554
122878
3149
116907
84536
111588
88038
117902
76584
34833
43086
118942
15134
122521
67745
65470
99394
52044
59108
101117
104795
53185
103039
89049
21413
99342
119740
19994
9389
32492
42987
67433
18579
123223
65468
6303
46227
48427
39297
4463
11029
75567
48973
54423
58512
51447
79565
89494
11902
76801
42678
72901
61424
74637
14734
7765
23438
114898
83414
119369
110489
117058
806
29527
101003
63088
39731
50118
29939
77758
16776
32688
111353
90643
21303
26478
68536
77737
11204
18429
80880
71260
43358
118099
69086
53648
88920
113827
71411
121894
67573
42691
12693
78493
94836
57837
121287
81329
58643
48321
65238
66030
101430
83619
46468
63374
52661
47137
68435
2077
67972
22553
123228
61287
88881
68911
23527
15875
116161
87390
51237
111352
88131
115758
11043
64599
46940
10528
111518
5426
91903
12138
54794
117882
82683
76524
94240
92132
104519
13097
72796
57072
9068
86381
93376
120881
81181
1786
109814
88502
25041
23035
42548
122810
51404
100990
39411
10168
69938
12099
4049
10209
53427
35582
102079
37315
49902
12709
104997
117515
35710
36617
4170
27451
48929
107187
13453
77212
17980
113846
98583
14978
32268
75137
13575
93084
87315
31637
115692
11251
108695
36554
21063
79150
61281
66487
35490
44923
43088
100617
12035
89968
107194
63242
48103
109642
11702
96778
57862
49010
470
17012
107716
20664
83840
41413
50136
101057
13214
36829
82833
74042
37204
19729
25494
4690
56953
113005
12024
84401
20126
21455
7170
41642
49647
67113
53944
12438
92812
40460
38528
59039
88937
104678
34082
44566
86541
98871
1944
4882
77482
108745
119712
108087
47740
116614
105745
17043
51498
97151
111932
73826
38241
15263
97565
111091
92972
70453
69507
68679
42494
31588
23187
8135
123213
28760
107845
39327
31667
56536
16912
34849
99679
31445
113262
96028
52817
12497
58785
74957
47002
35826
4574
89886
92600
81745
37888
47251
117505
65498
16812
15662
25739
99789
16833
28840
40829
115986
17933
36173
120752
19981
54504
109273
28251
21140
13493
121160
27750
105348
80194
22226
103087
15836
7798
18424
107283
32513
85607
118741
33641
77689
122497
9587
31268
12131
67192
23782
114659
89618
38223
57471
78401
57699
7280
118198
105911
101749
22928
25688
56441
50781
59413
100620
94067
102473
28892
17508
84667
45720
26655
67486
12532
108391
3287
38749
110652
116085
78224
46905
71986
2643
105036
97750
79244
122559
97285
117417
32295
44029
7861
81893
76949
64150
95210
100912
110259
80782
100908
50288
4745
115016
113222
56311
108191
104733
5284
38308
34417
103168
77335
13370
26653
42446
36489
9589
1265
71044
88315
109270
60828
60303
27793
12707
90225
95715
121853
18682
105402
20950
59519
120671
8021
61806
22535
104760
9658
116640
67354
15312
107592
57848
50971
29083
94615
57952
47681
58049
64666
52397
80883
62867
3205
103103
14648
66046
81306
65936
2985
107911
114316
112502
91910
71361
14474
20412
19095
8206
85841
64300
114841
111868
75452
50110
23988
113947
97084
37181
46535
29913
23579
121201
84779
36265
65771
35238
103811
42639
110200
68277
108597
15868
12399
94797
61146
80432
66646
85437
113309
23348
50190
8685
53290
26288
110180
95135
37112
120233
67633
40299
35346
100510
46948
40613
40934
15352
46996
95258
111434
24319
33689
24012
3188
20923
29457
16598
10328
110794
22116
91453
8328
83204
50457
47215
26376
122097
120626
112401
82268
38821
52256
116084
17589
121742
85656
23803
11087
66696
98262
2845
116394
20513
4391
94114
72585
10122
22734
14071
93614
33478
75777
48860
116986
30981
20799
117166
114019
111273
37927
12857
4498
111118
49845
540
89269
57271
104730
80174
92418
118192
51655
98033
69670
59753
91678
2716
118991
25837
119864
29488
67419
9788
120947
93045
78910
116364
51165
30684
13946
58318
97553
62573
56729
85043
122989
25439
82540
35041
78471
99221
107412
6602
122190
51694
115649
91944
49075
53201
45216
119102
105079
88888
93455
118046
13710
50902
78653
14975
90749
29711
91821
30227
110731
2925
63491
111370
70836
72379
117844
60501
116223
21006
37652
42110
3484
94806
22924
76620
23021
16046
74437
72111
75313
106010
116236
59509
32140
10815
85212
96955
44403
100817
5902
71529
44275
122961
83775
16459
119684
65178
9573
44071
1773
87116
117963
100203
15135
19615
119605
106314
20884
59218
6345
81760
49007
70630
80443
7340
99049
25038
13345
115927
71828
30797
71725
72747
106958
80830
42319
8819
57922
73087
88007
114290
65650
121098
69942
72265
115531
85173
52643
32132
33126
84322
93357
49062
93005
77127
104053
20524
94087
30832
14696
85752
503
96696
78737
88261
41180
110131
92091
29252
104831
17181
4817
26833
29962
99888
30769
71640
32248
112298
17496
41091
46097
55226
19068
58384
102663
96217
19689
5838
97400
34737
111158
121382
16214
93526
92975
59309
16810
118634
41695
62832
31082
2773
66313
104741
103418
34836
114043
18255
17616
31670
58176
90391
45785
69788
98346
35656
25058
14707
32079
93441
77958
60332
109453
82682
90168
1346
44389
84651
44064
110608
32970
97004
57669
31938
111212
53331
30522
104929
28767
81103
31932
122711
191
26232
89989
52750
7587
85029
28694
38758
41821
44452
89302
9514
47883
23948
14176
98304
104201
42754
7806
33393
17853
35756
14422
115324
97307
81105
22740
113918
55256
79257
113274
70281
92318
42229
38678
53348
71544
21542
121179
73358
105607
86644
33754
90726
119229
83270
60874
62379
90904
11151
75287
53782
100632
108762
106846
75840
16991
45856
47019
39626
52133
6972
86054
2540
84408
90771
22454
114546
79429
103518
32825
112651
117423
39010
36047
84889
51605
41041
119370
14149
109805
11659
79887
97375
53916
74602
50468
69023
119062
100985
11523
33119
90017
5303
44490
25596
81868
52554
56530
11712
46516
48828
111494
54934
68383
44534
76546
113066
13082
45797
26991
115107
37235
17728
18263
2856
63796
39767
14017
58913
112971
3413
87558
120374
17052
16260
29191
65531
93312
27514
87225
36761
38151
37202
57456
44911
33275
13360
25940
12562
98762
48161
11188
22748
26009
108846
121666
24204
43310
73130
86596
95050
26738
35040
47445
117215
29106
72972
60341
84436
58841
64110
57027
80157
87451
111613
100038
92513
102701
21954
66725
100011
58085
74151
118076
27549
32257
30876
14322
57454
109045
99955
6458
18998
72479
91761
3450
53038
110804
56757
54950
45836
4725
10390
39449
17653
115307
108937
11272
103442
34866
114170
96754
118518
40038
87559
112746
69422
67400
84072
46563
105059
28539
123049
72134
85833
69107
11560
75447
26118
98281
80717
58388
90716
117083
54220
22097
117815
72080
80723
24391
62918
104559
564
19228
5168
97304
34412
26569
56961
75864
38451
72568
9878
82647
38695
2433
56282
58970
112549
80744
50447
85192
39286
85139
98255
16625
18438
75933
4546
99562
114637
68162
49026
69940
64030
17453
45444
45777
5998
93047
88939
110476
37400
49257
18283
48257
30179
27675
70985
80220
94370
49459
101008
79514
88169
95255
42743
34150
30639
8923
89456
7079
60224
117071
104815
121522
41104
106852
37672
48986
56082
87560
109491
28060
72476
112422
65414
109946
14882
90119
58302
86658
121937
114451
72277
49725
17928
63326
93473
12965
115041
22072
36256
66156
122879
122577
115104
72786
60890
81579
68145
7292
55121
105130
34613
107185
67084
86680
34393
91298
96343
28515
58298
84979
119998
111898
1577
41482
53971
52456
56797
29980
31052
13530
69116
67226
36732
35093
88343
47920
85420
83258
113927
119498
73380
42720
46490
55842
79155
40639
73298
23875
93215
68461
85334
95509
9936
37168
71665
33502
81856
57060
28076
84384
40844
13096
99785
42660
34100
41134
89476
31477
69104
99043
87528
38951
94090
104867
107030
91132
22936
58628
116915
49721
65920
74647
23307
67781
25406
32770
59747
65234
54998
80490
69541
27460
54334
8743
101794
88695
111213
99602
3291
46538
91200
95190
80390
5270
121921
46944
23964
81312
74419
76688
49705
99523
86713
104083
72369
26460
40589
26519
85111
1201
20501
17060
24458
98442
115249
116752
93209
87985
573
32173
88526
95385
40584
72000
101851
78780
97379
11112
39298
114881
25479
64011
82061
83193
86975
48621
50057
54153
46012
76884
83044
13261
67287
16933
74141
102389
75566
40615
119342
62955
111732
117204
61048
85120
68776
103457
67968
10294
41683
20309
121645
27851
17167
55221
27008
3700
45989
53586
77577
113488
106120
10769
6438
24163
9107
93304
59333
6383
23023
43687
99258
110992
32276
99992
84233
95145
13233
50928
123070
92512
97881
100762
73091
39045
122011
53310
64103
9149
30135
18599
12897
24470
12127
119221
110342
75170
116307
80592
98014
33617
22787
102460
1819
51317
43102
74586
58741
120340
21911
99401
28665
79650
16341
63032
83977
120925
88516
96497
54062
41495
79347
11785
119343
107027
48308
52253
32285
23303
41776
63825
115510
18462
83606
98001
3844
38357
110620
86269
6105
19495
12050
21224
32940
83272
9534
44871
115368
34421
66360
26196
44481
5746
71060
110528
28234
44078
57680
35534
75650
115423
7100
21087
43912
290
618
50352
1306
91550
35222
121085
118211
120503
79492
98237
54911
93276
49378
1758
87682
26480
81785
108582
30892
90381
33474
39605
49438
3249
22036
798
31432
70002
67059
110051
91031
68164
77374
75111
50264
23730
87640
55290
71943
68758
60325
22081
35719
93202
120572
33047
71822
83011
69509
81503
32853
81204
60232
35266
83571
35706
46109
39430
73416
96622
123187
102321
93731
28429
49580
101761
31130
70594
77401
27826
116245
24624
7208
65280
80718
19448
80219
14510
1001
116878
43391
75426
96531
90478
96234
29799
30112
40808
6514
82600
67780
77400
101566
17006
112150
77750
43181
95618
99485
106690
89386
54008
113226
110509
103256
81795
118092
45924
90047
101290
26982
12249
82610
79507
97374
39653
50594
87936
31918
41261
56933
118218
36607
28080
110040
81216
2667
27620
80277
109220
47736
59321
70847
64665
71346
102302
28953
64696
76231
107771
66831
13086
121247
81669
39402
4592
121146
81596
33896
30121
87071
115469
41142
52496
47121
83269
48725
81446
111472
98294
64016
45402
120744
100361
103139
54802
15840
65256
87420
94079
87809
18777
69717
60456
31951
116572
9226
11835
71086
61858
47703
37957
92735
16151
23257
39715
58202
63762
21167
57053
92367
117628
113137
48354
90754
21297
63761
85425
4446
8377
107458
32793
101954
93254
58867
12893
77575
63868
93500
29085
36802
27221
2512
23236
93153
58490
110052
101668
76867
18134
101427
96629
62835
99552
64634
111333
77619
80759
58151
481
108282
82490
74112
13408
54718
116969
91203
53238
114604
14554
32039
46503
28844
110071
8650
114654
72058
103864
111040
21510
4716
45602
30800
18597
100815
105281
7785
20842
113368
40706
29654
105700
78565
63716
43337
36338
54719
86341
31137
64340
4591
9544
83184
119672
42577
22985
123020
30880
94537
97302
22497
47068
53500
30595
72285
91653
109953
85394
1117
54245
62091
71993
69701
5670
30021
108311
95406
32104
53299
39817
51553
17837
84424
31682
3977
19664
118323
111968
74091
5831
112131
118614
108054
110578
27162
58706
58369
83773
111899
97968
114958
32444
42118
107522
90494
47426
2962
41017
15323
41258
121009
79453
123123
47834
30420
95178
96422
119450
99341
9736
18828
72735
114997
38634
36957
10302
62200
57449
145
62638
20496
93888
781
120257
70524
112038
116579
75695
88697
35606
27670
88587
25350
114222
113948
25384
75242
118607
116472
54251
21685
50267
40335
17745
56965
5346
49958
69846
75277
52210
115019
20859
68584
76926
48041
46618
76751
93181
84551
32059
121323
92055
70702
1114
27644
114758
78783
109457
87660
72617
56789
37930
110647
71006
77087
26960
40771
16697
71734
88451
121877
80273
41255
33995
102210
33542
110781
102825
29782
11048
34404
52871
96297
122589
52659
15153
6273
105349
110970
25046
111733
102120
22477
87997
19718
11348
61783
70261
70581
16824
85848
87649
26631
46957
115505
114920
5459
72482
60596
91368
17267
18702
50865
44131
83563
1366
53462
15751
93207
21152
115370
93173
55151
90529
40349
35653
71146
18944
98939
18968
14398
77106
12842
51295
23399
61289
21103
8350
64024
65882
89731
76763
106685
68010
18034
106694
63437
94136
92692
66018
16792
56506
80262
51851
118179
38457
16369
93709
29665
98053
67357
122101
89361
82289
62343
15390
93302
33334
49328
96938
22626
85747
106494
64053
120926
56065
12083
18370
58605
46223
84631
78743
58922
64424
117681
97103
28067
45418
98130
18569
101770
28393
41992
28101
88465
27281
122580
98973
843
83399
35410
85946
87993
72263
74458
16009
10334
65862
40311
15562
116808
47635
79286
78121
106886
20140
32833
62607
76421
113003
33772
50554
57834
117615
42082
6426
107357
74224
15586
43028
104425
109135
79567
93564
118611
35284
65034
95054
3173
74800
12708
78669
87058
71832
94789
33200
60138
93748
49866
96062
8945
77365
62903
46071
31557
21758
19212
68254
109529
89876
83160
55814
117653
75404
72921
13629
107664
38922
4168
57327
122780
11571
24274
46348
83243
94762
25321
123337
62610
98678
27358
71886
118241
3734
101681
115391
98841
52469
40137
45662
41136
83215
24642
46513
123431
53644
45350
118123
75120
59435
120604
52124
31727
116204
20421
19739
23626
122169
27865
6578
29814
84406
94590
90513
1642
112654
37799
97814
103707
109550
73484
79065
111209
91319
25317
83756
26963
90514
49128
63432
87726
19853
83050
26899
38059
2868
78173
63845
15764
20331
7404
53752
111890
109845
78392
34879
120136
53262
53864
76251
5737
5066
36518
81019
47358
41922
103958
40457
27740
24189
87967
57201
14218
24756
104287
92614
86357
52716
95347
4100
39207
87529
84491
60790
10920
42290
30445
79899
66678
99972
77972
42355
30953
58285
11040
12397
29832
221
53891
7427
19823
108894
30647
33459
113742
81043
43380
108208
109606
3514
26983
86240
14264
60428
44417
31247
6609
93698
113506
21550
107013
3436
115620
45748
46167
81904
36235
36630
115057
8834
72460
49655
8671
97573
47644
81130
84076
86843
41631
36784
116921
13476
117912
84093
72757
58930
47112
75521
45205
78209
59396
63081
24174
49869
96169
74592
110768
38258
109318
107384
29219
79573
80986
34949
99204
43730
108782
62228
67112
102078
2672
82577
69274
92385
7831
103550
14944
92960
40599
68518
9211
80136
28734
20029
23943
93237
29142
113804
46378
112827
113450
107359
97280
70664
18017
21678
118645
42252
81928
43147
92004
112092
31277
59705
107319
38427
31018
987
49816
120338
94867
101150
76337
53100
77851
62833
77188
83834
90404
597
35282
60561
104892
49123
50299
12006
32143
20346
48968
40696
97064
67263
74919
109871
47255
32895
50957
16979
42790
62969
90131
24403
95304
69003
53400
861
59639
52492
114424
21997
51004
90824
103590
12488
81166
56971
75362
114793
11501
28206
93666
89823
23722
20894
40826
24639
71857
21939
114039
64824
88935
14029
18039
79485
65898
91023
75068
120998
116260
82640
102606
29878
122211
17381
108952
77462
91970
90743
17881
31725
66817
47030
39353
59016
119600
32069
117000
23569
65474
110490
113255
93346
95419
107493
12824
81030
66705
95472
4660
27807
47095
118911
95268
65299
15122
104198
51625
13395
90572
106640
32638
37551
46918
75057
110656
51099
65221
106909
84140
109715
51743
94145
82382
51158
103292
41097
40268
60159
26667
17862
67208
37761
59925
75165
64384
90189
114128
17823
3376
77771
78277
76121
25981
87825
63042
103962
18417
57878
48958
3465
41969
10856
36508
44376
44818
33206
94769
70300
44238
86612
7014
19611
27013
35401
111653
91676
115173
100730
54372
78962
121669
69480
113206
96029
110344
75075
121383
62140
104575
3854
5189
35942
108216
40216
56398
96813
93154
63293
39146
32351
11492
21726
89051
37635
76610
57220
77273
50635
130
253
76946
23
90680
78543
14595
123082
65103
9803
42568
112980
110185
87533
62706
42988
109388
65782
107723
71005
54417
65734
55596
65966
48304
66320
12710
96076
111988
31017
77762
49607
21202
74018
43101
41485
49337
50343
97941
56485
22744
35993
72572
117038
55227
43789
57573
55860
73808
89343
54611
122342
8536
74685
40686
55740
87067
28709
96084
114443
86813
106735
19251
93396
40733
9420
15047
24007
73446
16169
62209
58797
56772
40179
41928
79495
86378
82391
4991
108533
43199
74785
74006
20593
110402
4602
63165
32254
111525
58084
93481
30960
44162
102793
97976
109006
34915
552
34206
23455
15028
65933
64969
38677
37914
21668
56688
116980
30008
10587
39763
14009
38368
20252
106949
47937
70253
5305
107901
19895
33194
120850
65946
68594
65378
116765
3161
48771
46086
100483
108244
85959
23632
76182
23292
35593
62547
46117
2258
48065
76981
9262
74064
43409
64588
55673
28041
86089
105010
108009
69925
113949
43609
25103
95587
96407
37365
14876
6625
51621
6374
19561
59962
8218
115666
66181
24418
89091
66189
1202
89176
33505
103233
5246
80909
47205
94276
5742
8839
79288
103605
106841
42456
6585
52698
51209
48009
121484
53171
36828
119723
59312
75897
11607
56460
108173
99060
65692
76018
29794
2563
70584
86826
31206
2029
98636
19569
6708
17186
45753
28334
42954
92643
17243
107830
9014
81604
66005
83015
76400
78280
122724
66751
42594
68802
105351
54343
3636
22028
26831
56326
86253
68635
113648
57363
9134
110237
37517
45341
101356
91906
70638
91035
20382
58198
117124
800
2836
89588
22125
26025
69202
98942
102660
44569
49523
93960
116080
107271
97510
38617
89142
109178
120164
6771
121059
95990
93166
121977
41233
63814
15368
38712
4200
7967
80724
72478
45280
91814
91457
43314
12943
17080
122843
46340
67190
105775
27198
67060
122192
23410
15416
49804
35199
70656
102693
50386
89639
98661
93152
101915
62145
31713
23097
57254
54466
25102
95332
84575
37868
8648
114665
11592
39703
78436
51335
18176
64193
110981
26347
34388
121277
116520
97140
34691
114625
100542
99952
14374
76115
32013
36526
109426
107786
72179
763
22881
68000
22532
28187
98028
59184
32046
5588
31238
91231
61774
123265
86094
107050
60829
88736
68084
491
118368
104104
11400
84431
18094
39850
27375
36003
121872
71547
3823
69657
69073
17971
93121
9847
1546
37115
84571
108145
108508
95061
32255
85335
9163
5340
23618
9670
68314
110617
36819
40877
53389
70683
119206
117500
83226
22406
95276
38598
76305
101763
17898
108772
112047
58694
77310
84287
112086
113743
19990
32668
14117
102512
59149
199
73198
88043
32928
120159
120234
67013
5352
50252
56615
113560
67883
6457
34983
2459
24821
105176
23377
40088
62718
108986
1954
38891
36491
119905
82039
65688
43485
81395
66020
7621
56466
9303
112099
20125
84206
119883
120587
102863
50070
33555
84046
34938
116035
3685
100854
8010
796
64821
60081
37873
121673
7121
61045
58888
87262
57100
25208
13594
34260
117080
30629
41101
107872
35082
31304
100754
52937
49896
66147
43952
44886
67941
21736
18074
5640
33900
35977
7086
113985
33565
59395
116523
119682
48684
95729
79365
38332
94292
111589
1136
40503
5017
30501
97171
3010
45913
54780
38939
117078
52656
14656
47270
104873
93356
108121
5377
52441
121012
34832
99617
110414
28935
6277
51848
19146
112315
106174
121636
16703
62789
2032
123118
43587
39127
114007
30675
33382
33389
119670
30672
89309
39306
76888
39542
87330
2597
109097
105335
84441
70171
114762
59729
114434
108511
100099
8181
118200
102495
66894
118335
23360
99517
111339
42733
105084
59640
37182
6424
90062
47600
64151
98660
63561
67558
122501
92458
19761
30611
14619
45894
114794
54212
3093
51880
23311
102492
12756
24032
117983
119859
12117
113407
70394
83143
71496
58209
46207
1307
78639
41265
69388
121818
70174
78758
28212
49085
18754
2210
59161
27633
35765
46128
6062
101993
52417
49846
81356
38407
21143
2055
90969
88070
18338
103145
43771
57415
71651
97597
25487
53411
96547
7276
18090
28214
33924
53551
48217
58352
97882
83058
94068
121714
45954
35607
113515
86504
78380
61739
75810
7684
81584
33575
52765
92275
50439
108999
59685
641
3067
99344
34612
43054
68286
102129
7957
2619
29290
88714
37252
1318
1143
12993
7524
35639
45144
6396
16566
25635
71746
61396
35117
45119
91323
83332
66934
117548
98763
40354
67738
12437
56548
29599
51832
14291
117508
19970
59862
17128
39802
89449
71820
84787
102582
89261
121527
61053
64387
79060
90502
11330
46532
118017
16243
54115
39688
65578
58831
55261
92874
14584
39342
18537
16922
44104
92945
29658
32497
11550
43171
66366
123062
62830
90097
61492
16042
66381
9932
49548
18414
99798
50895
29480
17877
54686
24158
6828
74236
58687
55339
58792
64335
113244
72732
77068
36566
84953
54792
57389
22677
20159
101009
72540
63675
45574
95932
114115
58166
33988
20456
31124
3596
44274
50219
19736
104989
99461
23655
100024
52719
21295
27230
30324
121770
85479
68808
55269
113697
66090
46106
55652
59419
19834
85668
9331
120281
27408
95804
47596
11588
13643
7055
49117
81367
78598
121500
106920
56166
57778
113856
58294
40412
4630
29254
115545
3709
75708
102888
9576
50762
2486
5867
18913
105984
84029
66323
41745
114558
24180
105611
88227
50010
80755
100139
78290
1763
101263
13020
28184
36077
111710
110454
45694
113102
62952
79797
9170
27148
89324
110115
55447
26344
108304
122611
47578
37329
81652
90201
24970
73951
102324
6654
71019
41699
36377
20265
51690
95186
55615
96439
24730
78195
117783
4557
59578
100997
63665
90340
31990
1716
55701
93245
93716
45355
33802
27180
105442
41053
33936
19027
2830
108285
77965
109918
96479
55522
40565
89788
8489
11750
103603
1753
65446
121934
899
114143
31440
100673
22839
9235
65037
89101
64578
120366
49994
84004
76792
109285
122121
115246
36984
113041
72749
110142
85403
49309
107566
119963
120072
65668
9310
107208
90966
102459
3221
100841
69538
99227
32557
101625
74273
6144
78405
29378
4593
113118
84
33199
104684
49949
97036
32875
39854
84731
85478
71955
108769
100626
87513
64586
11601
34962
122270
99717
120867
64081
81015
60225
17097
87438
12400
13468
92793
45987
66271
17650
60921
112400
104328
43994
9886
93846
3882
92013
89470
103226
90135
10759
120066
51018
35591
26760
119795
2606
40277
64946
49619
49425
2290
34922
43180
113651
64491
122935
38649
98355
9090
6795
77502
12957
37019
84171
11937
23153
114160
57014
120526
45169
63993
107540
27060
98604
81950
89393
38700
96310
35495
56622
62459
46410
28893
45162
29124
53026
82952
91012
49278
68535
77681
56762
16212
66103
96145
14184
67242
16545
15139
53020
111641
38225
68574
76358
104621
65944
95842
96026
37226
24777
87678
65886
88919
52537
49717
57434
32573
101371
73463
122906
121333
38470
90351
8168
88353
46587
42316
58550
112349
104949
3657
78414
2607
52542
100505
34522
74261
77267
9695
31113
27140
93365
85116
16962
61685
14532
99746
10475
28511
76409
90622
24984
52225
15753
80316
72216
34119
30855
61785
69555
34796
17706
122033
116066
111398
34934
72495
49554
41662
6026
71537
98412
75108
13184
81674
116613
118589
99279
36128
26668
31281
7933
97157
121117
35260
49229
53283
120541
3135
90419
382
59389
4615
42555
14720
35598
34528
55812
71829
15917
86829
106243
55670
22941
88891
2469
118666
19553
101620
293
90524
33417
87598
89667
84460
57668
79111
59653
21864
34689
97796
50351
11812
101400
112178
15908
83953
62813
117820
77364
56262
92489
5019
53160
48179
53634
19967
22073
74272
31548
85637
63119
63651
33709
63693
112379
103800
118975
82395
99848
25867
76163
56862
118371
7382
36136
20919
81530
85449
69470
103963
77063
58436
15692
51114
111544
114
29970
59029
11308
82036
72761
13789
43662
30117
37539
115304
65292
74023
24534
4271
111840
49074
50420
69433
45416
95996
40182
61571
6639
80425
52372
91294
20473
77308
77900
23952
100479
40156
96468
17175
63760
4079
30748
120084
103981
49771
117866
107275
81642
5350
3224
61566
73735
40284
59694
44838
65057
71858
12307
73139
38377
43962
47562
93275
20448
122713
93979
46094
67313
25341
9234
120335
94054
92084
93935
80489
75339
67545
34193
85474
111720
25021
59676
45866
65958
57274
89808
22064
78945
69639
77768
60030
100227
71913
106399
117645
109107
35614
6404
69915
90174
120968
47851
100519
84478
46443
24872
94920
102307
69474
117244
52638
23171
52307
19867
17245
122571
80472
57013
16671
25570
91505
78151
42465
17042
51132
94398
18586
95083
12979
104268
56833
117409
113612
93661
95180
115702
976
8043
23167
122963
115156
80923
90802
82591
18733
14058
108842
61996
31604
118367
40065
45178
189
80036
35230
105557
74608
56120
59367
37060
78041
47096
95745
44824
21602
71674
31253
47146
77539
3496
10878
31307
110467
520
60033
91086
7905
26604
9881
70299
8905
88175
107482
88031
5961
103768
60099
35356
84869
20806
111287
102115
85326
68697
3497
78694
92858
4187
56411
42661
82616
52294
82060
8611
76777
90658
47194
25676
77241
123134
471
25149
13026
115141
4696
48406
2263
49528
50888
55829
7416
34956
27469
74872
81080
88875
113965
93337
49980
90944
84176
34415
20062
58072
92598
101480
109487
8098
39928
20906
27174
1338
88990
32910
52833
20582
7418
82957
7011
90740
88433
74642
24162
103935
65392
65885
20479
17605
59240
100956
11116
60708
75351
56165
59767
42205
61660
19681
39547
47127
94475
36074
104697
35262
51063
10520
110334
89625
50702
80950
37736
21220
79280
66688
41231
106924
59954
69037
106359
99478
61041
58215
91800
43535
16603
82420
63352
69142
71824
22400
13085
60578
106260
75490
50138
117695
38684
7991
93348
61450
54265
46815
99822
123304
62129
115485
96628
109020
82022
113157
79497
24933
59007
78332
31371
32819
119012
102628
2242
55460
2071
37481
80813
28391
103222
84973
19420
34054
52906
38216
106512
114960
94594
23958
97759
14063
121518
90948
91421
117394
1481
77519
18439
86079
45645
67181
82858
83248
1915
41065
36269
100957
28740
2040
34357
26652
59591
4934
120246
26756
56260
78167
8742
46657
80990
77029
84482
24786
2445
18976
12778
61725
24595
103332
103776
33666
105782
10298
39692
32437
41393
116402
2751
92204
36213
489
79407
15657
70219
73061
5216
117757
39365
93514
123019
115879
122252
61907
82365
10647
61088
39193
100460
109631
64744
81630
4971
94048
2385
58506
36184
75056
32050
113822
84025
100298
57427
98326
81781
109009
46211
13243
19858
12998
92687
114919
60657
25266
55325
92330
58778
90528
49579
103439
36332
97893
109502
75189
87191
66719
6988
40858
72491
13861
4750
111935
45934
67219
28817
122304
37086
15892
73940
62288
43029
48190
116240
81638
45272
111666
51602
119796
3609
86078
21753
115835
117638
32063
32727
98658
45874
19304
114739
44731
33132
16778
67955
37051
72384
21714
29402
947
105910
27729
32650
110473
36629
88069
120960
31491
54790
95101
41320
102425
77056
58610
52680
28286
105948
83763
57366
97008
76118
74888
52234
45555
32366
23248
79428
68828
56698
47666
73337
102741
40629
72270
37627
2321
78987
41786
115726
55962
85134
22892
13842
27623
48019
70226
83940
79613
90497
30658
19872
64358
98266
107344
31750
27939
31993
116279
71790
35945
22136
107073
69786
61103
83255
33546
88491
41613
12240
62027
84772
65419
95841
23501
42225
119523
67775
94366
51069
100151
98975
33065
68981
41818
122979
84650
108847
49541
15374
88423
23945
101630
79909
66788
24861
81470
4833
88550
115508
79638
116785
116917
122608
65683
112067
87531
115094
34376
112019
6550
117728
19894
7779
10563
30520
71797
47227
19540
103846
30528
101953
59670
70064
58906
20506
120627
121204
27395
103602
76364
119836
28839
4488
79582
55985
24341
40534
40281
13620
38935
108486
71343
94936
107499
8706
75199
71825
113584
64104
122374
83245
87611
53639
12687
112935
99646
118809
65971
63830
98523
46243
86632
12477
84385
61837
41456
4509
48052
82806
87289
113561
86096
95755
87250
57945
23116
7670
13684
75674
72194
65809
68746
8392
102709
94445
79413
102962
15270
2473
56997
25457
96449
28946
14829
57295
6141
33211
106623
39212
73928
99427
117254
118379
84823
115429
36616
64745
27444
86057
49105
35812
100351
21072
109916
122744
55766
44413
32634
112767
3078
36935
87518
63553
62847
90946
115043
17509
50375
57164
5642
69902
110491
91093
89656
101249
97712
2841
56348
74244
24276
24574
98337
25558
82849
7516
6120
41081
63564
92700
67041
67617
56234
7594
62495
105374
69829
7024
20628
43606
96545
6495
22739
51864
32795
8948
66797
75482
57962
34494
92042
119732
1928
118395
53998
65112
28380
11996
83511
83363
22297
115171
90067
117748
44651
19580
79734
3124
33980
63307
123014
94179
27530
2451
20720
96039
10082
5515
74724
83382
19910
69251
82068
64244
89858
121363
89272
118624
89486
51713
121605
35472
69496
107625
89600
28907
48656
10028
97656
52015
11903
108380
50959
42348
98189
68045
78705
93565
64727
116203
97820
6622
45046
22470
19491
1724
13853
54742
94140
56418
67835
99539
40971
31521
116922
67456
48499
118704
95635
45966
123363
3899
36189
67537
29384
60833
107103
71389
58969
32752
18419
43163
82347
108205
53417
24178
97848
57905
3894
119547
41384
92111
90262
21485
24672
26297
27224
92500
83696
1963
73425
30413
55547
7719
114922
119626
102979
23494
52229
87089
2169
100625
119125
40391
36436
96399
120600
89094
7667
110368
27763
63935
108445
116962
48507
103166
49274
2061
80324
58114
5338
24363
122441
91375
77515
95431
10438
114201
58500
87385
42703
106662
121493
37785
57410
63162
48022
44790
87553
17900
35675
610
31889
63902
120737
106619
57372
20288
93776
6138
92611
42794
39846
10655
26333
115633
106602
26671
42890
117722
115728
15473
45911
117187
5042
52737
88129
77880
63967
53789
117258
94928
367
93733
1643
34468
35394
93829
29754
24643
111676
78886
7141
18315
20948
59074
89870
115015
102472
30231
77169
6961
21392
71340
84044
34809
85739
70917
27741
101952
92479
43250
97362
120040
113908
74548
35293
28751
46608
58883
55711
120923
6683
72469
104321
77955
112388
38560
99678
99808
77769
49623
44766
123046
4269
99259
121193
12875
14365
72145
16677
97231
72758
108819
66530
1317
75507
80806
20131
43184
9630
34630
122562
116477
96683
2885
49467
6571
116866
52458
45173
86896
79051
29641
78754
37496
52548
97617
22596
10425
1415
10353
114192
70759
409
10178
106413
102311
118042
46554
105292
55895
52390
28304
79808
96718
46405
117834
75201
82520
22836
73422
8219
120247
6979
107567
105433
30207
42909
118353
92145
59929
80091
108914
97327
4387
8391
103836
86954
46447
17315
47970
119903
121212
29986
82852
35600
26237
76232
43536
69818
49615
104674
20212
28653
46684
20426
98807
41898
105584
64523
19366
45332
88474
7762
51213
52102
108623
80564
19468
53124
282
17917
110900
72473
83316
73784
17389
19324
99754
22135
49527
34794
82401
105872
23736
72962
38510
121126
115200
82482
70372
111078
116484
22432
45729
38364
11402
11025
108347
106574
121168
83355
26271
86833
4080
74328
42338
117033
45017
34360
64272
58444
77078
121375
100994
55727
25328
63950
80306
110496
36671
119291
51225
56974
114825
46811
61682
63507
57222
27359
21845
3142
20205
36990
101401
8876
78993
19303
106612
119281
92918
24867
33727
98833
68118
47900
6770
41211
116197
75118
55843
108715
24787
88333
58055
86320
105209
21982
97833
88927
17944
90647
103178
44184
71992
106817
48578
16738
67455
4244
121322
34770
64363
21891
17651
61025
51850
28630
9605
4723
27938
27319
20249
78933
121282
121427
121088
33918
52544
110174
80454
26415
82
29271
24304
44011
37266
42947
68274
98373
111350
122189
30070
16139
52173
55032
81753
8469
34728
90020
97890
45646
44499
51905
36948
28190
47460
26198
12677
42830
66714
37327
10666
73250
116943
80716
4036
69806
548
34094
16388
51811
1384
88534
115922
20175
71107
36525
55003
2384
66698
35833
9964
19476
20672
15613
79714
115297
68702
72091
1186
25847
93707
102108
115063
63169
18144
111657
13662
95589
3920
121081
78625
97728
69935
58173
66230
84877
27769
39499
48498
1263
77243
30579
40919
12344
35197
2318
59874
64416
95051
82781
56249
122834
40737
5768
94402
119289
122925
48786
57911
108074
64481
76611
31046
22446
20563
67596
30509
84368
54773
65376
61227
86298
93831
27625
99161
79661
12739
116894
46368
7056
95973
106553
8628
37097
68957
46640
96978
122850
71301
106808
94270
17573
113002
47123
79132
19333
6293
27500
56304
65278
62911
111219
59420
44415
98690
64886
87877
99943
111834
56182
86281
47587
116665
82478
17752
43475
91632
98498
81672
39252
65584
7302
35306
21968
16093
107432
85000
50970
77136
35790
111764
96082
95946
95923
108571
69278
26056
53698
8688
42768
114610
79822
91361
45013
82466
3723
104439
112778
116720
85399
104052
63529
53258
30926
117142
47744
82181
62116
109337
120217
72310
84618
31869
99197
45431
39304
90526
103249
85768
42493
56613
85469
33806
53911
37312
73323
97691
9508
81808
104957
62475
87063
101989
27606
16837
108400
70439
101251
45387
13434
72121
99944
50488
100063
35086
21219
84558
122933
26389
6453
82361
104436
98146
78181
82144
46758
108997
9747
92162
599
97476
30695
111378
11082
102623
66349
4362
20531
62696
60856
36063
15979
34560
120513
11507
66780
86503
91396
92820
59861
57831
84827
56401
90138
50816
63650
23507
84592
26793
80921
63424
22784
49203
6879
116336
116797
31467
122324
1556
51220
61240
100713
21198
101133
61795
20709
38306
66752
39573
87943
101751
8976
114030
62384
90175
36544
81027
21476
70986
95124
87741
58280
18514
30844
64262
106632
66685
8371
98243
86490
5556
64584
28648
115455
65257
90725
27548
47365
47870
28555
72753
114564
24462
112020
62923
114601
596
48642
119083
86448
89402
70673
116114
100010
106989
23846
22710
43214
35171
43453
63138
22709
35441
113453
10542
54420
78278
80672
60286
107875
17392
95989
59951
54506
111165
39750
52878
77343
117510
61766
59802
101469
74149
38572
13561
81188
39382
116673
109203
44991
52353
120643
94142
90620
81156
120459
94035
8874
2286
109843
52211
121638
19508
89517
29426
86921
97194
119760
92018
6970
93203
76627
7911
11464
26726
76897
115302
118151
41333
111289
151
60072
42846
74101
122174
102818
65069
68014
59571
114872
89754
98614
88427
96782
28071
6551
23051
490
30652
84164
62286
34012
23007
103413
90021
68935
58684
25488
27529
114798
98710
34049
31381
85234
48709
17707
40226
47138
46933
5719
58618
84127
4500
73659
104435
104531
18953
45451
78458
83623
46930
88207
91554
85359
27381
38432
31751
40434
76326
62905
39557
81975
90566
90778
59932
101921
9191
66675
57265
44341
80122
90023
105996
120399
27961
118510
71238
49584
87817
859
36880
30823
12206
43723
11096
107601
42428
98850
99213
5016
59063
46951
74593
93308
31755
48167
21563
14863
30951
75293
19197
13372
90733
13952
95672
105909
52735
38874
21641
69029
61180
4324
41075
66994
15013
111267
34511
71449
29481
33185
19592
115430
92336
57229
93120
49471
12445
30973
59081
62450
84134
61105
81939
114521
104784
111279
78335
38336
76478
119068
85873
86360
83035
67471
58175
69255
57115
102558
22755
87709
21801
361
105434
99323
119153
82494
4680
1841
3827
119784
29883
45009
99528
84303
74448
4419
100675
89160
43822
105992
15308
87949
77604
10612
83674
97293
30721
99883
44106
44717
41626
95460
61818
49564
114566
29365
94903
71706
8670
28471
121455
105694
102510
2755
94199
118073
80084
118780
24528
63847
36979
118653
106698
46048
123137
8242
21477
89711
38219
116007
80728
40108
28485
6054
68188
42226
107896
78865
47540
61846
29393
18125
13854
46301
54714
110048
117711
107711
69839
68939
303
95939
28718
18956
18778
123168
74322
29044
11292
82524
86900
71418
85837
93569
65822
78487
31139
66435
79381
48145
44142
37852
39100
81260
7334
11210
981
85211
88924
97871
114010
15230
111031
18965
17634
3938
25903
93597
39535
72850
90123
6577
105811
6162
34040
35225
96284
38959
18272
27768
14901
66502
11808
25013
48627
23617
10339
121760
13634
27988
64717
6841
28715
99406
40361
76005
18887
81452
69188
20849
28571
117112
119128
97248
43345
16103
38895
69951
76037
8544
75409
48222
59833
19193
57391
49682
101907
34242
57260
23942
76131
89570
106137
95768
33999
26123
87199
27884
106993
67269
42995
68283
49466
119051
122615
118081
82823
61035
81227
96885
37558
62294
112735
119151
51351
36328
57856
57213
29381
104551
106810
58864
23323
89581
28822
12716
16761
56924
19145
38248
90009
66770
80427
51446
24027
72051
110503
108563
36204
97978
68893
40823
35681
45217
103668
54186
61635
120558
29327
8048
22807
14401
59134
50473
46881
95296
1760
49760
66308
9860
21027
23969
9530
49692
14963
100324
118617
42030
91313
88596
13890
111259
101861
18269
62650
115149
71140
44500
89984
81082
67857
33145
107838
101456
5981
102448
89844
99710
46915
38967
21337
53495
79642
67443
42920
80364
6742
104094
66382
54320
29303
101719
31800
103252
54111
57368
46116
45691
85350
41173
19110
29281
77144
104865
12819
60746
102721
40329
25746
33383
77781
98637
48582
82150
85198
53759
91788
81330
27248
102999
83223
79521
33726
121629
27899
12398
40282
20892
2072
113562
104340
17841
58750
106829
69542
72329
67802
105277
20365
11442
43979
78965
10663
102259
53636
51267
107387
10194
13010
91835
98161
39600
30257
76057
75880
29893
92244
27493
44414
71417
47252
80577
73137
114656
93382
64568
110417
95167
12545
30339
28952
27857
1630
108985
47368
6329
85942
44262
113911
35960
47007
103399
71934
99818
47202
117933
1591
10429
105367
85360
68759
117223
109522
92064
22027
109519
77908
96437
84155
30648
39685
123327
9915
63351
15170
5730
16753
40005
23983
95095
51574
52240
115818
121967
13733
109123
49718
11574
108752
92232
102589
39512
50710
37694
13862
96442
8228
49287
61094
46740
46583
31827
114717
55824
36472
90845
108862
43715
97944
34754
519
31678
65159
53285
58757
52161
41834
16710
1292
73769
74189
101364
121439
98358
50039
18914
118370
107614
20009
48640
112489
82081
113977
45805
109585
72693
73172
92655
14296
97847
100899
51122
65553
17918
6081
34666
114680
101789
9018
86741
78281
26244
26397
31129
33581
21274
93869
107198
14788
100967
11746
104162
27
102368
15909
22518
24594
68612
89040
83564
93162
80634
19369
102782
81878
98136
109839
29709
71757
67970
84593
6638
32579
111281
36715
49213
63185
109366
14669
111013
81502
120986
119375
83827
34786
112413
105001
26365
16492
90596
48051
18030
79189
30235
117687
106896
55848
57040
34329
94933
117309
117952
121917
3539
55514
123400
85726
24076
22866
83858
108909
121005
40189
59514
110897
57965
52958
45568
7205
32847
100315
89171
89603
16382
30881
98983
5046
10147
60360
114110
59782
3818
43632
458
22547
92738
20804
118650
41826
24907
68855
39827
47656
89384
104007
83198
62694
38259
103695
31067
11562
42448
40152
91741
11060
58581
51724
54961
35811
60638
122951
79460
22648
117734
38721
72184
47570
16779
56855
45301
109304
107655
37897
20227
35304
89071
100253
79237
72762
81998
64495
3113
24477
15203
30372
13895
123078
56453
14464
13225
79918
48269
22141
32077
4016
24013
92991
89137
96104
104664
97799
51519
97032
33308
39453
38328
30116
48591
113053
40352
38180
59288
64187
105942
50049
50897
23337
30037
99846
51539
46552
101652
22447
27338
36722
86545
73836
57039
73488
111917
92853
71657
37520
89501
10607
45671
12303
122794
1500
20915
28266
38016
123373
85422
21684
1942
29038
34459
85242
26846
48695
115408
80535
45081
111216
20829
43548
91153
29902
118939
106726
2938
90185
106394
98573
39862
9879
17390
73331
62750
61853
40961
107197
64710
10318
10814
73370
68409
72879
65013
112679
13272
35669
2523
118940
25633
96874
78387
107709
50158
81275
70277
23536
55159
118219
102260
35699
44109
60035
105219
87381
66113
39011
81199
14064
99224
89521
65244
89336
6101
101376
119195
90876
110090
88119
120139
48983
11756
76845
40749
38613
97425
106365
94489
85816
40446
42430
28984
120816
111745
44959
33154
42244
120817
73965
43286
89617
104473
53687
59947
88254
88514
70296
53384
30662
6130
67531
123251
35331
24020
65505
123013
123032
112548
107233
75765
8084
74795
71219
111251
21425
47654
33419
3334
57822
2650
95708
71307
73346
28797
24807
103163
39495
115624
106079
6767
111796
36277
21713
37877
90139
109279
99200
114271
9872
70213
99062
109515
47971
67347
77456
104685
83607
96160
6451
42838
43757
57771
69200
9754
121190
79604
95416
33158
12772
22444
101908
43874
109740
111200
91546
19666
103059
18725
46175
54893
118473
106090
91977
50021
60691
34236
88406
70765
53829
14340
43842
74144
92061
4427
123442
46755
61845
17116
41837
97169
49526
7129
40644
38036
113926
82877
33849
114509
94303
111065
92143
57175
51503
5358
109319
16004
82714
14015
15410
8311
90275
24956
113933
67423
102667
59625
99371
57243
33697
39771
16593
84152
38686
17693
97444
44673
25448
94958
23556
29099
57651
48810
52505
75181
123454
11432
107402
62719
107018
110433
68925
35097
78747
90166
38782
57664
96932
42536
17458
55624
112617
34803
10385
59916
114091
39451
109889
31000
20724
30585
108579
110072
46078
110224
83200
88931
85033
121335
25898
108578
75746
1219
32502
107795
61835
63535
97569
59179
67058
48923
48286
58523
17691
6927
8674
61253
56708
117970
40451
75750
49055
60010
89120
37389
94589
47104
550
8418
17157
109968
17921
114325
73837
68784
78681
40300
32214
107474
121662
11285
23612
63720
68008
50671
7895
29390
364
37296
11604
104789
7548
99586
4458
35278
39822
121430
57593
76781
58693
63438
9354
85685
11503
69793
31636
58071
94412
74554
60690
62073
14174
102541
26901
35603
77322
1039
98682
93766
95160
115628
51042
58033
95288
102420
51111
93963
48079
11513
77892
85291
48778
2398
10153
123429
64005
29307
56492
120561
31016
159
42154
40045
25730
84607
103984
73297
118723
59770
51794
71983
80888
33217
104141
22368
40289
120736
28673
1015
107318
64653
23802
69740
27063
19911
72039
20136
25813
120872
36586
38125
50523
115443
27622
56008
101131
51292
80170
5534
68863
42764
35713
97950
12663
102138
80200
108939
94966
60458
4145
3702
28495
29197
75132
62440
78322
80864
108324
91611
59127
111235
116415
35519
97402
30073
35216
114786
106131
91301
25663
3563
121531
20871
117342
5294
56644
51382
53617
52277
26488
53854
119034
74309
3543
30947
31949
121766
115425
88681
78542
118292
70825
39293
38247
85957
102638
76028
93584
95915
57676
98911
74607
28016
10830
81462
96812
62604
17514
67732
42869
23856
87733
40806
38148
64046
8654
89889
58260
89923
47967
77530
14873
61086
58050
3427
49436
77411
92570
52448
5741
76500
57909
67710
109862
111825
66955
96020
5069
23794
8366
96361
62064
23932
87313
13059
37190
122362
21716
23633
24252
8056
84766
61594
104639
59848
73509
74897
56962
22343
93374
42827
4896
75471
50086
5290
6860
106899
74167
33341
9255
63270
71240
96034
82325
83188
538
70622
101700
110791
106084
40161
71758
45701
30727
67104
29833
46547
56092
45282
23821
37899
54123
115203
70312
9436
57969
68779
644
18072
44610
76721
80860
14429
77139
71202
6850
116376
10030
19643
59433
5858
38160
58083
99281
11644
84352
100933
102042
69144
87761
15340
83636
76135
10322
105708
72315
44841
24236
92701
5418
114067
120427
105323
63160
10487
45470
115817
16540
111551
45976
10865
83366
57411
20878
65502
122805
23489
6421
80093
72040
82291
116492
42439
108222
36186
6981
34152
36429
89002
49208
35055
70063
45724
33868
12925
58027
47709
59253
93745
55674
107320
20875
78678
4897
96178
40985
22441
109223
25160
6409
108349
50542
102927
90865
9543
3955
107565
72664
51587
11483
66131
55609
8132
18358
109589
65347
12444
22645
94879
91166
31739
44311
17235
38508
36693
91685
42825
63778
104833
95604
84096
121978
25912
53975
11923
35043
119521
38173
14768
74373
51689
36721
48883
9565
71054
50161
57692
50159
63495
45000
16309
634
107455
95961
77128
32584
11951
80401
12627
94069
25474
10517
28152
64654
20683
105212
14167
88461
109736
6307
25606
79140
28992
25832
36480
38237
50334
79679
111483
48903
118484
106610
37465
77721
17968
44955
18279
54924
19305
81535
70267
3545
118986
22606
12513
120075
119184
62608
101838
101286
88838
35193
103302
36022
21699
15735
104990
103444
76747
119306
72446
1661
4289
29722
26629
83888
5575
104827
98970
104739
120794
97392
121652
82768
61779
40505
1185
104428
32393
37746
65307
102336
92623
118781
8380
111341
79451
7614
62945
100213
12259
95616
59774
53073
71593
95381
96966
114026
96184
99907
55362
73400
109824
97812
84015
13889
97919
77009
86058
73107
44025
37474
75719
31865
10220
15832
34077
110295
63151
82093
16164
90463
473
33597
5569
33167
83145
80159
55469
94207
60807
63058
36894
18326
83236
11517
16073
106986
102668
19838
98996
83939
40322
89646
50618
17516
84366
16143
117894
69020
107754
5392
64579
58390
60867
90697
12615
119145
19840
1323
37875
67127
62686
41983
79724
29779
84908
31574
52531
115238
87131
115372
46592
35317
41494
95976
8331
6278
121477
60579
107428
102861
6807
34493
15369
119667
56566
35095
122069
120211
120944
103536
62017
23382
34165
83968
67814
33353
119590
1035
7472
53718
51050
40669
6506
117249
45403
96961
17818
97284
20064
120297
81158
113740
22270
20434
81058
32779
63554
80365
53761
9313
46978
120522
43680
36827
92761
51898
19785
7473
112673
65700
116430
106954
71335
25836
109255
94505
14913
119515
79398
58558
1332
85630
68924
79701
112227
67494
105105
84359
7446
80313
118523
53779
84207
35791
47634
77266
32100
56207
7500
110415
92831
51046
26126
102566
112311
86705
41918
97927
115619
28296
16856
19483
88277
68410
60465
2278
58326
35693
63209
113491
34218
55554
8828
70416
23486
83419
2475
103446
82429
8367
27468
1701
3822
3180
51942
4514
75492
89033
99135
16896
106903
90057
72718
83622
91385
31718
27048
70976
28548
661
47453
7189
60857
66551
75821
45929
99699
54876
42168
43741
79474
22397
78709
67109
50262
99735
10554
76514
89113
26360
68067
96033
30517
12787
67203
85659
63061
14725
65181
104922
12286
67472
70369
119129
81851
16834
53626
108678
92210
63396
47571
11629
35004
43564
41373
62405
66564
28487
89270
85585
67475
74200
7328
82893
66916
110531
52190
84598
46568
28656
9011
21587
11304
21795
40031
30470
110309
76442
638
101762
3769
30596
119835
8852
91395
109414
50624
54744
24224
77753
35561
15839
45035
61881
58355
60133
74070
7622
120226
8922
14190
53597
71946
26871
36532
37519
114642
18681
1876
17672
111938
25718
64289
30361
59043
48652
784
84993
61233
21064
61792
19313
86443
11469
2520
24749
74459
58773
103357
35011
101061
97628
32845
80875
17717
53906
119413
34268
39595
75799
9121
62763
8381
16313
15095
17961
18247
56286
118608
86125
84394
67365
84815
16805
81899
36804
23940
31466
64060
114908
101266
10933
39772
77517
102963
88059
116000
25007
78692
47737
18214
38266
103959
79591
5711
41900
118633
20945
119989
3042
74152
90188
116880
14220
9048
64688
4579
13118
21466
111335
118935
49067
90438
98723
114925
61904
121315
97454
70837
108617
79379
88168
6504
52876
90763
49138
41796
48351
10924
36882
74160
105630
111367
108004
24535
22321
39723
72093
94258
44939
19719
49563
48228
45049
46131
110008
27564
24707
29692
53860
110018
114153
32006
71679
14449
86465
24738
37101
115958
52051
92696
118579
29938
107648
109330
81307
112328
84563
89469
14507
39321
55683
71630
117086
68457
55401
27488
54060
4261
115061
25224
9284
100493
61091
7850
57062
11758
120300
26024
98432
11887
32550
85284
18607
41023
26230
13426
21816
73839
61363
40025
98937
65138
14823
18930
57509
45653
65909
120913
89822
25831
18554
43674
7788
69283
2924
92827
39325
70270
65301
68803
10706
4455
109000
33990
113627
39216
7408
114173
115410
32339
28036
40000
404
97754
43371
118876
123260
115670
115875
31279
27425
58452
50475
72995
36726
92545
55827
119704
116239
40389
122372
56817
119849
21835
72836
33344
35367
31492
37117
73289
122911
54306
43514
58197
95239
83804
7973
2919
39527
90428
35865
16757
38779
65967
28352
99424
21914
47632
113516
102426
69725
104355
65550
26517
43191
7413
65115
56222
1778
53769
21432
62925
63601
25533
93924
58871
21190
59623
39177
42487
770
62871
36653
84920
87052
26265
20560
85276
7432
31485
68307
94938
98165
98379
80887
89395
51389
93912
51754
70031
101679
109989
74547
122240
109683
73889
88179
70429
116583
1964
58058
7797
86966
101871
104962
15362
53361
100454
37366
118119
3710
107268
123243
108693
49038
15950
101357
72652
15111
39536
55193
12596
7881
88786
35198
59101
89039
91680
79475
40409
55719
68970
21269
74162
112591
72608
117980
38698
20698
50191
14424
21775
49743
102978
63085
83395
100546
7944
75342
95727
8243
22664
22339
83455
41342
121607
116135
46089
73256
42860
24963
111846
53157
32483
9376
117472
82945
93287
57645
17747
63090
47671
13442
58427
98477
84619
81894
75328
66521
25036
39147
20012
50773
75134
40907
103096
53475
78819
1904
32624
53037
44981
117245
114394
20758
326
23334
114003
105460
115626
58107
1810
74460
68385
52820
40075
19779
50924
119715
106882
25383
2725
54929
4869
26303
11649
69061
63911
110167
106884
39112
12238
41605
34900
31390
69000
35373
23481
121489
103632
8403
11828
60174
9698
4990
2764
40401
13519
77552
115691
121708
5080
65000
12598
83856
50145
87670
71352
98694
89932
10771
58392
62287
59979
21367
34591
25611
61653
95205
53922
26732
109447
62664
89996
56893
106961
73867
31226
78036
59075
103869
6494
83582
67957
7734
64818
110193
59840
69080
33615
76356
122682
112959
6946
110864
33248
107719
74418
93017
95849
37433
45738
64677
14581
7627
81591
50460
94803
114191
96856
106977
106245
103478
71201
27586
37224
62044
107998
33742
37096
81561
58542
43182
102725
43691
93700
64390
32452
60343
91831
78219
29513
78592
102584
111442
81873
100609
88201
91438
10479
102685
25206
67657
120390
105842
6169
60954
115517
84022
107442
35662
27290
89674
99916
59728
46028
86318
3295
59763
4263
33618
12484
68372
53084
58270
105498
66190
5944
30889
27762
103435
75668
43930
59641
122344
1853
35507
9505
73158
102507
94046
4876
40703
34200
17576
79857
74869
98196
9614
100300
20933
68453
8680
114705
44494
105849
105448
98331
35244
97038
12715
88244
71074
20437
123080
53923
27238
96278
66940
80095
3325
36301
79126
98519
94841
97748
85490
36701
35297
85293
118441
17215
58517
104790
82762
58181
37982
3179
26720
79575
6500
7523
24165
99683
19103
104265
51192
12570
33371
18327
7794
11634
7772
30536
82628
88966
32356
122114
67467
68632
49090
40741
52489
9422
105870
44164
106034
3526
115343
36765
98414
25485
116058
73976
42235
21439
55027
113594
37043
56428
67583
75512
106515
68853
63750
96019
43002
73606
104157
113174
64600
44788
6286
70915
89652
53221
110233
58062
94072
30219
23089
19782
121200
20874
34462
8296
97080
5292
93233
76487
37750
38969
64158
10559
84671
81189
69629
5721
13792
45611
26101
44315
55857
91161
120263
121775
118827
109966
57069
12816
97450
82192
46083
110787
45218
74815
46998
36964
49073
48782
36254
74539
83533
86449
20932
57639
56582
11570
40411
93392
120521
54036
78912
113573
57677
116013
38795
33432
100494
48317
104973
23411
19123
84544
23056
4240
76462
18474
20885
36390
63076
119202
93334
115262
108130
82796
4837
28139
121975
10873
34281
25829
54128
112042
29541
22222
107266
36737
85055
111104
98003
71426
66870
89291
51700
77639
84497
13657
122742
26609
45034
87772
109488
102775
108119
30480
69737
33324
63951
94727
21614
54451
45474
47044
89764
98208
117369
11858
113108
117001
104572
36500
30650
20341
89008
78506
83667
48606
74810
31941
91500
10184
106170
84987
1736
27661
108341
77376
37449
267
90558
72882
43128
52571
26363
86117
41688
110660
119895
5410
32308
9049
12900
25849
20845
40989
79845
