5757
257
8026
1851
4012
8383
1952
2868
6595
9222
1854
2831
7657
1356
5076
5153
2647
4442
4122
8160
6531
8927
2759
5014
1774
6921
490
8903
3130
2638
5813
3966
8509
5231
5287
7933
2648
9443
9965
2637
5239
5006
119
9452
3526
3886
5614
6884
2560
1299
319
7896
116
8084
8643
8259
327
5403
4368
6778
1207
7878
9477
3744
3766
9355
6319
6190
2662
5709
6260
5605
6269
8261
7336
3395
3569
6984
6389
7712
6431
821
6849
2966
9274
1157
1324
1524
3685
3573
6881
2228
4902
4920
3770
2939
6866
7131
2999
7248
1498
9908
4519
5642
7852
9525
6716
5815
1020
6167
3009
4570
4299
6934
2936
1789
1982
7743
4051
2722
2332
2187
993
5886
8706
8652
7619
317
4187
7326
5077
1488
6263
8617
4936
6268
9387
4461
3164
9231
9892
7698
8239
1306
4384
9007
1475
9653
7357
4502
6152
6790
2928
2869
3369
6806
6110
113
6144
4505
1478
4348
7774
2202
5407
8265
4842
8425
8193
1377
9825
7202
7467
7928
2981
581
6072
2530
1338
8808
4663
3764
5097
3930
3894
6914
8149
7706
9701
1852
8249
4214
2520
7001
6915
5571
1930
2030
4338
5051
369
1926
3334
4660
2158
3425
3922
8427
5213
8959
3882
3752
4083
2799
1689
5977
5309
9118
2306
5172
4879
8062
3715
3902
1631
4631
4948
5884
3269
6669
1105
8727
5650
991
9599
723
1485
814
7167
3451
8034
3060
5971
5226
8877
8470
5359
7473
1538
3495
6038
4148
8340
3155
5921
9063
7785
4057
2977
9015
3651
8511
3918
8997
727
468
2867
2778
4014
7723
5634
1939
1624
4322
7756
3502
9859
9543
3225
4966
2834
6438
1915
3608
1540
5588
6937
920
8563
7110
9223
837
4108
3982
1756
4889
3705
1044
9689
7029
6459
7046
8534
7405
3542
7665
9197
4086
1115
4979
6620
4275
3534
7342
4887
3243
2574
71
2399
8303
1690
9511
1612
6741
3598
1548
3784
9821
4433
4551
1227
9763
6018
5626
1640
701
6968
2377
4738
82
519
5932
4595
3405
4598
2572
6148
9019
9067
9756
4798
4085
6277
5038
4319
8136
5934
4956
1573
374
4182
6980
4725
5008
1209
8066
3063
7618
853
6387
2103
6325
9723
1483
6088
2807
6613
6600
1863
4673
8270
1188
9592
983
9292
3017
1236
4250
573
7910
7869
7849
8201
3294
2442
9351
4622
5292
6734
5027
117
2780
3621
6352
4017
2204
10000
4754
7005
4571
4897
2066
6638
3006
9667
2247
3736
7258
5372
1433
5418
8174
8750
2078
7463
4469
9631
4215
9610
3873
3319
6332
781
6911
2460
1083
7271
49
7
6769
1042
2852
2616
6069
1621
2197
7973
8979
2882
8517
8933
4851
3003
3508
6441
6768
7900
3607
6753
4967
2600
4317
6187
3403
2199
9642
7645
8939
4510
2014
7300
6049
1252
6196
7461
2486
9798
3773
2760
4806
7107
4263
9415
2404
4146
7521
8304
971
4804
2846
3159
348
526
9952
3950
5169
7168
6774
8677
6943
1185
9898
658
9794
493
8809
1721
9169
7647
7201
8703
3443
2603
3501
5939
7273
7660
3114
5836
111
4408
6420
7319
1975
1739
2681
3960
5261
4398
9159
5176
8878
4378
5994
6261
9095
5935
5208
2212
7583
9729
2567
5761
2439
1706
9391
7479
2925
4714
6583
968
7559
6133
509
7451
7423
6189
7464
4426
2346
9498
4812
2935
5552
2156
9367
4272
169
2400
9234
7344
2730
5873
6857
2728
1049
4577
5323
9033
4527
1221
389
5998
1626
9202
2046
8051
3884
8586
2860
4385
8063
8543
6707
2214
9400
482
1798
8516
7841
5209
6773
720
7356
3049
3872
2774
7827
888
1985
198
4814
706
1257
6678
8036
6469
9819
2917
6254
8721
5248
3540
1833
7410
2334
6092
895
7641
3990
3517
7943
6616
1482
3814
2068
4434
9268
3767
4882
1672
5130
6637
3014
9512
4167
8176
817
6691
4478
2817
7791
6043
7824
6398
7303
3572
2526
9726
6664
9061
1315
7349
5238
1641
9329
4940
3262
396
3626
4008
7798
4792
5891
8042
2441
1490
523
9454
1942
6048
7173
2578
6839
1337
6042
9301
2752
4229
6998
7844
8106
4628
3914
533
379
8958
4013
6609
3015
5497
4029
4616
1998
9113
3519
8772
474
7282
6145
3048
1264
5781
9469
6098
9948
8761
6983
9082
3304
5736
8739
5991
1075
2074
2845
4485
8778
7904
8578
589
10
3688
9853
3631
8100
122
9841
9472
5298
4938
8771
3362
8272
6938
6882
2804
6460
5241
5925
3150
4672
4526
3742
9529
5805
8801
1871
2877
5799
5334
5362
1093
452
9945
5802
951
2128
8930
2317
3028
332
8826
1085
4538
2575
4422
463
1977
6923
5072
8632
9450
4383
7234
8467
9167
3738
4157
3945
1582
2398
2639
9507
8855
2609
8355
3634
9950
28
9210
8949
2323
7744
593
6312
3817
6842
5592
76
2269
9138
8538
2801
1685
8417
2440
7308
3908
7529
8861
905
3212
2378
8649
5825
7215
4928
2854
7809
643
4403
6057
8073
1627
5246
6118
4006
7728
1610
88
4131
3435
6955
7497
1719
9851
2363
2435
5059
5258
4335
1968
6537
4306
8021
3881
9596
8114
4497
6298
5562
9651
8609
7355
8069
291
597
2716
9780
9117
1258
5646
1665
3531
1625
2104
6328
8346
9145
8898
2772
6349
2915
6966
8600
189
2543
873
1579
956
4765
264
9820
8373
3821
1474
6249
4698
6278
6347
1707
5422
8788
7630
1339
1516
5863
1497
9643
5136
8912
1860
361
3088
9449
5394
3820
9603
5075
8424
5901
5857
5210
1140
8295
9119
2878
3703
8451
5121
8691
9947
4465
6101
5349
571
4135
7609
9458
8000
2658
7354
5664
2764
848
9012
1953
6282
4493
6639
1261
6757
7321
9337
5741
8092
722
5833
1340
7966
7465
2965
7305
5436
1266
792
2997
5845
3163
3364
2628
1015
5450
4959
6766
7045
3718
1572
5804
9923
4587
418
5090
1534
726
2886
9336
3069
6014
5674
7777
2984
4147
4137
5481
8401
6599
4563
5094
