3418
2468
7799
6599
9411
3953
7924
2851
5834
9053
8191
7048
7816
772
5653
7714
7172
1715
5362
5246
2992
1225
1951
7292
7418
1949
1587
5054
3024
971
2041
1848
1773
7230
5207
5514
1223
2916
119
5565
7546
8332
9354
4389
4657
2455
6523
5983
4700
3624
8789
1388
6952
378
58
4198
5016
7835
7252
594
7355
2975
8877
2400
5409
1374
3205
9781
6912
1350
7276
9030
4280
1789
6445
4338
2882
7392
2161
4468
4879
6663
9839
1667
8512
5878
6745
3941
2167
457
8352
56
5994
3790
8580
1172
5933
2738
6097
9404
1956
2288
8848
3067
9850
1869
2464
4290
1640
9514
5873
2234
4272
2263
2350
9670
1798
6574
6031
9646
6508
6134
4349
3583
6378
7196
6835
498
2713
8985
6710
676
3716
7033
1077
4460
5162
709
3411
5185
1401
2508
4623
5871
5968
9538
5442
5825
3377
4650
6828
2796
6112
7028
7934
9712
7288
2783
5746
70
7719
5380
3048
6923
5468
7291
2380
1173
8733
5795
5960
990
3670
4370
247
1892
6242
2902
6546
9897
1989
3477
1417
1994
5456
1973
861
1806
4933
3757
6245
3228
6771
5650
1613
632
8960
2073
1851
5354
3714
8425
9328
8217
4123
9080
8292
5052
7979
6286
8007
5012
8706
8842
6672
9856
3606
6386
1463
4039
9271
9805
1291
840
1622
966
3789
8675
7917
7189
5491
2762
5510
8298
3637
4025
8660
4430
8684
8039
340
5013
7890
6917
6015
985
477
2064
7245
5716
488
2952
4860
7829
5171
2730
5465
2172
2074
2544
5785
4817
7287
7670
145
6807
2965
65
1167
2229
2398
8792
4895
1687
9963
8143
3827
6620
5315
6555
3521
7721
5674
9381
2451
5715
6968
6836
6255
9985
4433
9683
4923
5600
1008
8779
7576
5885
7966
6119
1603
109
1980
4887
1978
6053
8084
51
9335
8181
7861
3719
1452
5567
2922
2907
3258
1059
9236
3582
8419
5703
8390
9976
4314
2498
7768
2507
6055
472
1503
28
2332
3137
33
8128
9337
3322
9482
9341
5997
5681
1531
7759
5051
1445
7577
2595
8748
2362
852
1235
343
7892
4110
137
1028
6774
3981
7542
4984
7536
2465
4920
9104
4482
5647
6403
853
804
995
4712
3917
6129
5575
3672
2951
9183
9155
967
7864
9322
9789
2849
3584
6345
3679
8728
4602
9071
7079
1170
7588
369
952
2369
7368
2243
6363
5081
4375
4518
3985
3916
5165
6525
9254
1145
5913
9748
1827
755
8483
9162
4415
6632
6695
7445
2643
8090
6726
3755
5452
8861
8696
7601
6889
3780
2994
1177
9649
7505
8415
7562
3795
4632
1702
4744
5321
9091
6646
313
3763
6914
6730
42
3162
9609
2020
4980
5106
4748
4527
9064
7866
821
6520
7851
1648
2289
911
5931
1933
860
3829
9
5004
7918
1595
4499
7694
6380
5243
1027
9586
7097
9694
411
4116
5330
2886
3456
5216
9203
7839
9745
5123
8672
4965
8282
9893
2490
1624
5518
4524
9868
1057
8949
7481
1113
5049
1513
8371
2980
7447
7253
7440
9093
3179
9098
9688
1641
6447
8146
1414
6907
7332
5170
6471
8173
7755
1088
4413
1966
8266
425
8972
1656
9420
7080
3422
1199
4079
6966
7538
2311
2756
6533
1926
3353
2212
4093
296
6776
7653
4035
5372
2843
8164
2014
1981
7420
9011
4002
8404
3116
1457
2501
1762
736
5091
2715
2138
7077
7828
6817
6679
7933
4309
5508
8889
560
2997
3817
6640
360
4725
353
8803
5995
7204
9958
3898
8558
6551
7228
3045
742
8790
4121
4900
6993
8275
809
3454
6486
6884
2789
6765
7679
7040
5235
1189
4134
6513
7998
894
5240
7587
7042
8170
3884
2134
315
5737
7809
858
3382
9590
5020
1363
3850
4426
2147
1601
9048
7318
670
9647
490
855
5771
8376
8621
1428
5404
1411
4158
2343
1138
34
4668
6845
2890
2365
8249
1049
3117
4549
7383
7183
9293
8251
6680
6527
4785
4462
5757
5790
2665
409
5306
1912
4809
2696
9639
2018
5388
4628
1807
2033
3766
6201
7848
9511
1821
5879
6984
1033
4902
8261
9703
458
3857
7558
1106
4899
6891
8951
4067
5195
8477
771
2585
4926
1653
8940
1696
6775
6873
6885
5877
4266
7305
4777
9845
825
5573
6571
26
6066
5764
7301
3677
9013
8245
437
6044
9504
3130
9081
2105
1551
7414
379
6188
5959
6564
8930
8284
1756
241
9631
4335
4029
5002
4279
6316
3229
2999
7493
9584
3079
4966
6318
8530
9798
2599
338
263
7331
1660
282
9325
4753
4555
3621
5999
4850
3944
7705
8484
3318
4155
3642
3778
2373
2769
8829
6018
588
9305
8444
3390
9010
1787
751
1359
9103
5856
4283
3475
7103
1495
9138
6629
7727
5161
5792
1157
1724
3053
9756
3796
908
572
2700
3721
3618
5638
2035
6311
6141
8139
4952
1310
463
7847
7382
4714
7660
8677
1571
5555
9722
6273
377
2347
2069
7090
781
7547
8329
3455
3511
9821
7876
8830
147
6210
3675
5045
5182
5669
1140
6071
8683
5876
4351
4475
6925
5077
150
4058
1705
4328
8229
9431
3171
3801
2428
9006
823
3388
6788
1020
643
9175
8786
1881
2173
6981
7642
1832
3306
5458
5122
2848
9534
3324
1746
1092
2639
5774
7552
2066
3557
4737
9614
6926
245
6844
6305
2085
3104
3948
2813
4028
4864
3428
6777
4558
3241
4727
2330
359
691
8294
3152
7091
3409
5577
3864
2359
1286
5263
4339
2572
4452
4323
3107
619
9231
3278
9677
7746
5867
5072
5724
7401
9408
3692
2990
7102
4617
535
5891
1633
8358
9551
2757
837
6805
3215
6065
6427
6267
2934
3005
9577
6288
2697
9884
8732
3431
6684
6385
4654
7144
5444
5166
9029
5041
6904
8127
4196
1913
5338
1819
1491
6441
6148
7825
8611
7085
2931
1780
6871
1742
8625
758
7632
2008
9640
6041
1823
1543
9656
1260
9914
2227
6579
4
1972
8503
8053
407
4961
1045
4100
8538
1975
596
1169
6800
286
1637
1053
9372
3112
